648.76             1.0
648.77            19.0
648.78            33.0
648.79            23.0
648.80             3.0
648.80             2.0
648.81             5.0
648.82             7.0
648.83             5.0
648.84            20.0
648.85            28.0
648.86            18.0
648.87            17.0
648.88            26.0
648.89            32.0
648.90            31.0
648.91            28.0
648.92            24.0
648.93            26.0
648.93            28.0
648.94            19.0
648.95             8.0
648.96            21.0
648.97            20.0
648.98            16.0
648.99             5.0
649.00            20.0
649.01            20.0
649.02            23.0
649.03            23.0
649.04            37.0
649.05            29.0
649.05            10.0
649.06             0.0
649.07            14.0
649.08            37.0
649.09            40.0
649.10            27.0
649.11            26.0
649.12            29.0
649.13            29.0
649.14            17.0
649.15             0.0
649.16             0.0
649.17            20.0
649.18            36.0
649.18            23.0
649.19            13.0
649.20             2.0
649.21             1.0
649.22            10.0
649.23            12.0
649.24            12.0
649.25             7.0
649.26            10.0
649.27             4.0
649.28             9.0
649.29            15.0
649.30            16.0
649.30            18.0
649.31            27.0
649.32            40.0
649.33            24.0
649.34             5.0
649.35            15.0
649.36            34.0
649.37            40.0
649.38            34.0
649.39            39.0
649.40            36.0
649.41            37.0
649.42            32.0
649.43            25.0
649.43            20.0
649.44            21.0
649.45            23.0
649.46            18.0
649.47             9.0
649.48             2.0
649.49             6.0
649.50            22.0
649.51            28.0
649.52            31.0
649.53            32.0
649.54            33.0
649.55            14.0
649.55             0.0
649.56             2.0
649.57             7.0
649.58            11.0
649.59            23.0
649.60            43.0
649.61            47.0
649.62            37.0
649.63            17.0
649.64             7.0
649.65            17.0
649.66            19.0
649.67             8.0
649.68             8.0
649.68            26.0
649.69            36.0
649.70            19.0
649.71             0.0
649.72             6.0
649.73            33.0
649.74            25.0
649.75             0.0
649.76             3.0
649.77            27.0
649.78            17.0
649.79             4.0
649.80             4.0
649.80            19.0
649.81            27.0
649.82            41.0
649.83            55.0
649.84            49.0
649.85            51.0
649.86            40.0
649.87            21.0
649.88             9.0
649.89            29.0
649.90            48.0
649.91            45.0
649.92            31.0
649.93            13.0
649.93            15.0
649.94            33.0
649.95            43.0
649.96            28.0
649.97            14.0
649.98            23.0
649.99            35.0
650.00            37.0
650.01            26.0
650.02            25.0
650.03            21.0
650.04            16.0
650.05             9.0
650.05            18.0
650.06            22.0
650.07            31.0
650.08            34.0
650.09            34.0
650.10            17.0
650.11            16.0
650.12             7.0
650.13             7.0
650.14             7.0
650.15            16.0
650.16             4.0
650.17             9.0
650.18            25.0
650.18            30.0
650.19            24.0
650.20            31.0
650.21            41.0
650.22            35.0
650.23            24.0
650.24            16.0
650.25            23.0
650.26            29.0
650.27            27.0
650.28            20.0
650.29            20.0
650.30            20.0
650.30            20.0
650.31            25.0
650.32            30.0
650.33            27.0
650.34            29.0
650.35            41.0
650.36            44.0
650.37            36.0
650.38            29.0
650.39            24.0
650.40            24.0
650.41            36.0
650.42            38.0
650.43            37.0
650.43            36.0
650.44            33.0
650.45            21.0
650.46            25.0
650.47            27.0
650.48            14.0
650.49             3.0
650.50             9.0
650.51            18.0
650.52            18.0
650.53            16.0
650.54            12.0
650.55            18.0
650.55            13.0
650.56            13.0
650.57            20.0
650.58            43.0
650.59            45.0
650.60            41.0
650.61            23.0
650.62            16.0
650.63            10.0
650.64            29.0
650.65            35.0
650.66            29.0
650.67            23.0
650.68            28.0
650.68            39.0
650.69            31.0
650.70            30.0
650.71            35.0
650.72            25.0
650.73             0.0
650.74             0.0
650.75            12.0
650.76            25.0
650.77            21.0
650.78            23.0
650.79            28.0
650.80            38.0
650.80            32.0
650.81            21.0
650.82            22.0
650.83            20.0
650.84            20.0
650.85            15.0
650.86            19.0
650.87            22.0
650.88            33.0
650.89            38.0
650.90            40.0
650.91            42.0
650.92            34.0
650.93            24.0
650.93            21.0
650.94            36.0
650.95            41.0
650.96            33.0
650.97            17.0
650.98            21.0
650.99            20.0
651.00            25.0
651.01            29.0
651.02            39.0
651.03            28.0
651.04            17.0
651.05            15.0
651.05            15.0
651.06            24.0
651.07            39.0
651.08            46.0
651.09            26.0
651.10            21.0
651.11            33.0
651.12            42.0
651.13            27.0
651.14            11.0
651.15             3.0
651.16             6.0
651.17             7.0
651.18             8.0
651.18            14.0
651.19            24.0
651.20            22.0
651.21             8.0
651.22             4.0
651.23            15.0
651.24            22.0
651.25            17.0
651.26             4.0
651.27             0.0
651.28             0.0
651.29             5.0
651.30            13.0
651.30            11.0
651.31            13.0
651.32            21.0
651.33            28.0
651.34            26.0
651.35            22.0
651.36            16.0
651.37            15.0
651.38            24.0
651.39            27.0
651.40            22.0
651.41            24.0
651.42            29.0
651.43            17.0
651.43            16.0
651.44            16.0
651.45            12.0
651.46             4.0
651.47             4.0
651.48             0.0
651.49             0.0
651.50            17.0
651.51            26.0
651.52            15.0
651.53            20.0
651.54            28.0
651.55            17.0
651.55             0.0
651.56             1.0
651.57             3.0
651.58             8.0
651.59            11.0
651.60            26.0
651.61            30.0
651.62            16.0
651.63            11.0
651.64            23.0
651.65            29.0
651.66             6.0
651.67             0.0
651.68             5.0
651.68            10.0
651.69             0.0
651.70             0.0
651.71             3.0
651.72            20.0
651.73            26.0
651.74            26.0
651.75            28.0
651.76            29.0
651.77            32.0
651.78            33.0
651.79            38.0
651.80            33.0
651.80            33.0
651.81            32.0
651.82            34.0
651.83            24.0
651.84             7.0
651.85             0.0
651.86            12.0
651.87            22.0
651.88            19.0
651.89            11.0
651.90             5.0
651.91             0.0
651.92             0.0
651.93            10.0
651.93            12.0
651.94             8.0
651.95            12.0
651.96            12.0
651.97            18.0
651.98            16.0
651.99            13.0
652.00             0.0
652.01             3.0
652.02            13.0
652.03            14.0
652.04            11.0
652.05            15.0
652.05            15.0
652.06             9.0
652.07             2.0
652.08             3.0
652.09             4.0
652.10            14.0
652.11            34.0
652.12            41.0
652.13            40.0
652.14            21.0
652.15            25.0
652.16            22.0
652.17             9.0
652.18             0.0
652.18            13.0
652.19            23.0
652.20            12.0
652.21             0.0
652.22             0.0
652.23             0.0
652.24             0.0
652.25             1.0
652.26             6.0
652.27            11.0
652.28             8.0
652.29             9.0
652.30             6.0
652.30             4.0
652.31             4.0
652.32            12.0
652.33            13.0
652.34            28.0
652.35            36.0
652.36            43.0
652.37            36.0
652.38            19.0
652.39             9.0
652.40            18.0
652.41            32.0
652.42            29.0
652.43            19.0
652.43            12.0
652.44            12.0
652.45            22.0
652.46            25.0
652.47            28.0
652.48            21.0
652.49            22.0
652.50            26.0
652.51            25.0
652.52            20.0
652.53            27.0
652.54            27.0
652.55            27.0
652.55            24.0
652.56            15.0
652.57             9.0
652.58             8.0
652.59             6.0
652.60             0.0
652.61             3.0
652.62            18.0
652.63            30.0
652.64            27.0
652.65            10.0
652.66             0.0
652.67             0.0
652.68            23.0
652.68            33.0
652.69            28.0
652.70            18.0
652.71            33.0
652.72            42.0
652.73            43.0
652.74            39.0
652.75            40.0
652.76            27.0
652.77             7.0
652.78             6.0
652.79            11.0
652.80            21.0
652.80            23.0
652.81            20.0
652.82            10.0
652.83             8.0
652.84             4.0
652.85             4.0
652.86            15.0
652.87            20.0
652.88            13.0
652.89            10.0
652.90            16.0
652.91            21.0
652.92            19.0
652.93            22.0
652.93            19.0
652.94            21.0
652.95            18.0
652.96            13.0
652.97             4.0
652.98            11.0
652.99            24.0
653.00            23.0
653.01            14.0
653.02            11.0
653.03            15.0
653.04            10.0
653.05             9.0
653.05            17.0
653.06            27.0
653.07            25.0
653.08            24.0
653.09            22.0
653.10            21.0
653.11             7.0
653.12             0.0
653.13             0.0
653.14            16.0
653.15            24.0
653.16            17.0
653.17             7.0
653.18             7.0
653.18             2.0
653.19             1.0
653.20             8.0
653.21            20.0
653.22            27.0
653.23            23.0
653.24            18.0
653.25            13.0
653.26             7.0
653.27             0.0
653.28             0.0
653.29             8.0
653.30            13.0
653.30            21.0
653.31            23.0
653.32            22.0
653.33             7.0
653.34             0.0
653.35             4.0
653.36            18.0
653.37            26.0
653.38            18.0
653.39            12.0
653.40             8.0
653.41             9.0
653.42             9.0
653.43            13.0
653.43            23.0
653.44            26.0
653.45            17.0
653.46            20.0
653.47            31.0
653.48            32.0
653.49            23.0
653.50            17.0
653.51            29.0
653.52            30.0
653.53            25.0
653.54            16.0
653.55            18.0
653.55            12.0
653.56            12.0
653.57            25.0
653.58            27.0
653.59             8.0
653.60             0.0
653.61             0.0
653.62            22.0
653.63            41.0
653.64            30.0
653.65            18.0
653.66             8.0
653.67             4.0
653.68             0.0
653.68             0.0
653.69             0.0
653.70            14.0
653.71            32.0
653.72            31.0
653.73            17.0
653.74             7.0
653.75            13.0
653.76             8.0
653.77             0.0
653.78             0.0
653.79             0.0
653.80             0.0
653.80             5.0
653.81            12.0
653.82            21.0
653.83            33.0
653.84            25.0
653.85             6.0
653.86             6.0
653.87            13.0
653.88            14.0
653.89            16.0
653.90            25.0
653.91            28.0
653.92            19.0
653.93            14.0
653.93            15.0
653.94            19.0
653.95            17.0
653.96            21.0
653.97            20.0
653.98            30.0
653.99            37.0
654.00            34.0
654.01             9.0
654.02             0.0
654.03             5.0
654.04            27.0
654.05            37.0
654.05            26.0
654.06             8.0
654.07             2.0
654.08             5.0
654.09            17.0
654.10            23.0
654.11            17.0
654.12             7.0
654.13            23.0
654.14            27.0
654.15            11.0
654.16             0.0
654.17             0.0
654.18             0.0
654.18            13.0
654.19            25.0
654.20            34.0
654.21            29.0
654.22            16.0
654.23             6.0
654.24             3.0
654.25             5.0
654.26             6.0
654.27            10.0
654.28            10.0
654.29            14.0
654.30            14.0
654.30            13.0
654.31            13.0
654.32            13.0
654.33            15.0
654.34             7.0
654.35             0.0
654.36             3.0
654.37            19.0
654.38            29.0
654.39            21.0
654.40            10.0
654.41             6.0
654.42            12.0
654.43            30.0
654.43            34.0
654.44            30.0
654.45            21.0
654.46            19.0
654.47            26.0
654.48            36.0
654.49            37.0
654.50            31.0
654.51            22.0
654.52            18.0
654.53            10.0
654.54            21.0
654.55            17.0
654.55            20.0
654.56            27.0
654.57            21.0
654.58             0.0
654.59             0.0
654.60             7.0
654.61            17.0
654.62            24.0
654.63            34.0
654.64            40.0
654.65            34.0
654.66            26.0
654.67            22.0
654.68            25.0
654.68            19.0
654.69            16.0
654.70            12.0
654.71            22.0
654.72            30.0
654.73            27.0
654.74            23.0
654.75            30.0
654.76            46.0
654.77            40.0
654.78            20.0
654.79             1.0
654.80             7.0
654.80            24.0
654.81            38.0
654.82            37.0
654.83            24.0
654.84            12.0
654.85            19.0
654.86            31.0
654.87            23.0
654.88             7.0
654.89            17.0
654.90            34.0
654.91            31.0
654.92            19.0
654.93            22.0
654.93            25.0
654.94            20.0
654.95            29.0
654.96            40.0
654.97            47.0
654.98            40.0
654.99            28.0
655.00            16.0
655.01            19.0
655.02            20.0
655.03            20.0
655.04            17.0
655.05            21.0
655.05            21.0
655.06            30.0
655.07            34.0
655.08            32.0
655.09            14.0
655.10             0.0
655.11             0.0
655.12             0.0
655.13             4.0
655.14             9.0
655.15            15.0
655.16            21.0
655.17            15.0
655.18             0.0
655.18             3.0
655.19            18.0
655.20            28.0
655.21            34.0
655.22            39.0
655.23            35.0
655.24            23.0
655.25            18.0
655.26            22.0
655.27            29.0
655.28            38.0
655.29            39.0
655.30            34.0
655.30            27.0
655.31            25.0
655.32            29.0
655.33            36.0
655.34            46.0
655.35            47.0
655.36            29.0
655.37            17.0
655.38            13.0
655.39             8.0
655.40             7.0
655.41            23.0
655.42            33.0
655.43            25.0
655.43            14.0
655.44            10.0
655.45            10.0
655.46            18.0
655.47            21.0
655.48            20.0
655.49            24.0
655.50            22.0
655.51            28.0
655.52            39.0
655.53            46.0
655.54            31.0
655.55            20.0
655.55            13.0
655.56            26.0
655.57            24.0
655.58            21.0
655.59            17.0
655.60            24.0
655.61            22.0
655.62            23.0
655.63            26.0
655.64            18.0
655.65            19.0
655.66            28.0
655.67            39.0
655.68            38.0
655.68            37.0
655.69            27.0
655.70            26.0
655.71            17.0
655.72            19.0
655.73            26.0
655.74            40.0
655.75            29.0
655.76            23.0
655.77            28.0
655.78            49.0
655.79            53.0
655.80            49.0
655.80            35.0
655.81            43.0
655.82            52.0
655.83            54.0
655.84            60.0
655.85            77.0
655.86           106.0
655.87           163.0
655.88           259.0
655.89           360.0
655.90           454.0
655.91           550.0
655.92           665.0
655.92           791.0
655.93           928.0
655.94           1040.0
655.95           1101.0
655.96           1117.0
655.97           1108.0
655.98           1112.0
655.99           1153.0
656.00           1284.0
656.01           1491.0
656.02           1751.0
656.03           2013.0
656.04           2265.0
656.05           2455.0
656.05           2526.0
656.06           2428.0
656.07           2193.0
656.08           1916.0
656.09           1662.0
656.10           1491.0
656.11           1412.0
656.12           1413.0
656.13           1440.0
656.14           1468.0
656.15           1471.0
656.16           1448.0
656.17           1451.0
656.17           1545.0
656.18           1757.0
656.19           2047.0
656.20           2367.0
656.21           2641.0
656.22           2838.0
656.23           2887.0
656.24           2715.0
656.25           2309.0
656.26           1768.0
656.27           1212.0
656.28           748.0
656.29           433.0
656.30           247.0
656.30           151.0
656.31           103.0
656.32            94.0
656.33            87.0
656.34            82.0
656.35            88.0
656.36           102.0
656.37            98.0
656.38            70.0
656.39            58.0
656.40            57.0
656.41            64.0
656.42            71.0
656.42            71.0
656.43            58.0
656.44            51.0
656.45            47.0
656.46            36.0
656.47            26.0
656.48            31.0
656.49            35.0
656.50            42.0
656.51            41.0
656.52            38.0
656.53            27.0
656.54            34.0
656.55            41.0
656.55            46.0
656.56            51.0
656.57            44.0
656.58            23.0
656.59            21.0
656.60            29.0
656.61            32.0
656.62            28.0
656.63            31.0
656.64            33.0
656.65            31.0
656.66            33.0
656.67            36.0
656.67            43.0
656.68            44.0
656.69            29.0
656.70            17.0
656.71            14.0
656.72            34.0
656.73            32.0
656.74            27.0
656.75            17.0
656.76            20.0
656.77            23.0
656.78            29.0
656.79            24.0
656.80            11.0
656.80             8.0
656.81            14.0
656.82            20.0
656.83            31.0
656.84            41.0
656.85            36.0
656.86            15.0
656.87            12.0
656.88            22.0
656.89            23.0
656.90            12.0
656.91             5.0
656.92             6.0
656.92            12.0
656.93            20.0
656.94            18.0
656.95            12.0
656.96            11.0
656.97            24.0
656.98            29.0
656.99            38.0
657.00            25.0
657.01            16.0
657.02            17.0
657.03            34.0
657.04            34.0
657.05            26.0
657.05            20.0
657.06            23.0
657.07            23.0
657.08            18.0
657.09            10.0
657.10            10.0
657.11             8.0
657.12            12.0
657.13            21.0
657.14            18.0
657.15            13.0
657.16            12.0
657.17            14.0
657.17            13.0
657.18            31.0
657.19            45.0
657.20            38.0
657.21            10.0
657.22             4.0
657.23            17.0
657.24            22.0
657.25            20.0
657.26            26.0
657.27            38.0
657.28            36.0
657.29            40.0
657.30            36.0
657.30            25.0
657.31            21.0
657.32            19.0
657.33            20.0
657.34            14.0
657.35            15.0
657.36            16.0
657.37            21.0
657.38            25.0
657.39            18.0
657.40            11.0
657.41            14.0
657.42            16.0
657.42             9.0
657.43             9.0
657.44            10.0
657.45            13.0
657.46            16.0
657.47            20.0
657.48            11.0
657.49             6.0
657.50            11.0
657.51            14.0
657.52            15.0
657.53            12.0
657.54            23.0
657.55            35.0
657.55            32.0
657.56            22.0
657.57            25.0
657.58            36.0
657.59            37.0
657.60            26.0
657.61            20.0
657.62            17.0
657.63            29.0
657.64            38.0
657.65            34.0
657.66            28.0
657.67            28.0
657.67            26.0
657.68            20.0
657.69            16.0
657.70             7.0
657.71             1.0
657.72            23.0
657.73            42.0
657.74            45.0
657.75            28.0
657.76            20.0
657.77            21.0
657.78            17.0
657.79            16.0
657.80            11.0
657.80             3.0
657.81             0.0
657.82             4.0
657.83            24.0
657.84            29.0
657.85            28.0
657.86            29.0
657.87            43.0
657.88            56.0
657.89            45.0
657.90            25.0
657.91            10.0
657.92            16.0
657.92            16.0
657.93            18.0
657.94            19.0
657.95            23.0
657.96            24.0
657.97            18.0
657.98            11.0
657.99            11.0
658.00            28.0
658.01            39.0
658.02            37.0
658.03            29.0
658.04            33.0
658.05            33.0
658.05            23.0
658.06            18.0
658.07            20.0
658.08            19.0
658.09            16.0
658.10            23.0
658.11            35.0
658.12            40.0
658.13            35.0
658.14            24.0
658.15            20.0
658.16            27.0
658.17            39.0
658.17            29.0
658.18            20.0
658.19            17.0
658.20            27.0
658.21            24.0
658.22            34.0
658.23            38.0
658.24            35.0
658.25            31.0
658.26            24.0
658.27            18.0
658.28            17.0
658.29            24.0
658.30             7.0
658.30             3.0
658.31             5.0
658.32            12.0
658.33            20.0
658.34            31.0
658.35            32.0
658.36            30.0
658.37            26.0
658.38            22.0
658.39            26.0
658.40            32.0
658.41            33.0
658.42            25.0
658.42            28.0
658.43            43.0
658.44            55.0
658.45            40.0
658.46            23.0
658.47            20.0
658.48            33.0
658.49            39.0
658.50            26.0
658.51            21.0
658.52            21.0
658.53            11.0
658.54             0.0
658.55             6.0
658.55            16.0
658.56            11.0
658.57            15.0
658.58            31.0
658.59            45.0
658.60            36.0
658.61             5.0
658.62             0.0
658.63             8.0
658.64            24.0
658.65            12.0
658.66            14.0
658.67            15.0
658.67            26.0
658.68            32.0
658.69            28.0
658.70            22.0
658.71            28.0
658.72            49.0
658.73            45.0
658.74            27.0
658.75            18.0
658.76            32.0
658.77            39.0
658.78            34.0
658.79            35.0
658.80            31.0
658.80            25.0
658.81            26.0
658.82            30.0
658.83            31.0
658.84            20.0
658.85            16.0
658.86            20.0
658.87            27.0
658.88            24.0
658.89            21.0
658.90            26.0
658.91            28.0
658.92            20.0
658.92            24.0
658.93            27.0
658.94            32.0
658.95            31.0
658.96            30.0
658.97            23.0
658.98            21.0
658.99            35.0
659.00            35.0
659.01            24.0
659.02            17.0
659.03            27.0
659.04            24.0
659.05            30.0
659.05            36.0
659.06            24.0
659.07             8.0
659.08            12.0
659.09            25.0
659.10            27.0
659.11            26.0
659.12            22.0
659.13            19.0
659.14            24.0
659.15            35.0
659.16            43.0
659.17            37.0
659.17            33.0
659.18            29.0
659.19            32.0
659.20            25.0
659.21            11.0
659.22             3.0
659.23             5.0
659.24            10.0
659.25            10.0
659.26            22.0
659.27            28.0
659.28            31.0
659.29            41.0
659.30            45.0
659.30            36.0
659.31            24.0
659.32            23.0
659.33            19.0
659.34            19.0
659.35            26.0
659.36            46.0
659.37            45.0
659.38            31.0
659.39            16.0
659.40            33.0
659.41            42.0
659.42            26.0
659.42            11.0
659.43            12.0
659.44            28.0
659.45            33.0
659.46            36.0
659.47            32.0
659.48            39.0
659.49            40.0
659.50            34.0
659.51            33.0
659.52            34.0
659.53            32.0
659.54            23.0
659.55            17.0
659.55            15.0
659.56            22.0
659.57            24.0
659.58            27.0
659.59            36.0
659.60            42.0
659.61            24.0
659.62            21.0
659.63            22.0
659.64            20.0
659.65            15.0
659.66            23.0
659.67            32.0
659.67            24.0
659.68            20.0
659.69            15.0
659.70            25.0
659.71            28.0
659.72            23.0
659.73            15.0
659.74            12.0
659.75             6.0
659.76            11.0
659.77            13.0
659.78            11.0
659.79             3.0
659.80            13.0
659.80            26.0
659.81            35.0
659.82            40.0
659.83            34.0
659.84            22.0
659.85            23.0
659.86            33.0
659.87            41.0
659.88            44.0
659.89            45.0
659.90            29.0
659.91            22.0
659.92            24.0
659.92            24.0
659.93            20.0
659.94            24.0
659.95            33.0
659.96            34.0
659.97            27.0
659.98            16.0
659.99            22.0
660.00            23.0
660.01            16.0
660.02            18.0
660.03            35.0
660.04            39.0
660.05            28.0
660.05            23.0
660.06            26.0
660.07            25.0
660.08            38.0
660.09            48.0
660.10            51.0
660.11            41.0
660.12            43.0
660.13            34.0
660.14            32.0
660.15            29.0
660.16            32.0
660.17            27.0
660.17            17.0
660.18             0.0
660.19             0.0
660.20            14.0
660.21            26.0
660.22            25.0
660.23            26.0
660.24            33.0
660.25            24.0
660.26            20.0
660.27            14.0
660.28            15.0
660.29            12.0
660.30            23.0
660.30            26.0
660.31            21.0
660.32            18.0
660.33            29.0
660.34            24.0
660.35            17.0
660.36            10.0
660.37            10.0
660.38             6.0
660.39             9.0
660.40            20.0
660.41            30.0
660.42            39.0
660.42            31.0
660.43            13.0
660.44             0.0
660.45             0.0
660.46             4.0
660.47            13.0
660.48            21.0
660.49            21.0
660.50            21.0
660.51            20.0
660.52            13.0
660.53             0.0
660.54             0.0
660.55             0.0
660.55             7.0
660.56             9.0
660.57             9.0
660.58             0.0
660.59             0.0
660.60             1.0
660.61             6.0
660.62            14.0
660.63            34.0
660.64            38.0
660.65            25.0
660.66            14.0
660.67             7.0
660.67            13.0
660.68            17.0
660.69            22.0
660.70            18.0
660.71            26.0
660.72            33.0
660.73            27.0
660.74            20.0
660.75            21.0
660.76            30.0
660.77            27.0
660.78            15.0
660.79             9.0
660.80            16.0
660.80            28.0
660.81            29.0
660.82            24.0
660.83            19.0
660.84             9.0
660.85             6.0
660.86            23.0
660.87            36.0
660.88            27.0
660.89            14.0
660.90            16.0
660.91            15.0
660.92             1.0
660.92             0.0
660.93             0.0
660.94             6.0
660.95             8.0
660.96            10.0
660.97            13.0
660.98            24.0
660.99            34.0
661.00            27.0
661.01            10.0
661.02             1.0
661.03            16.0
661.04            28.0
661.05            22.0
661.05             9.0
661.06             6.0
661.07            13.0
661.08            20.0
661.09            23.0
661.10            21.0
661.11            16.0
661.12            15.0
661.13            11.0
661.14             6.0
661.15             0.0
661.16             4.0
661.17            19.0
661.17            26.0
661.18            24.0
661.19            24.0
661.20            23.0
661.21            20.0
661.22            19.0
661.23            30.0
661.24            34.0
661.25            17.0
661.26             0.0
661.27            11.0
661.28            22.0
661.29            12.0
661.30            18.0
661.30            37.0
661.31            39.0
661.32            22.0
661.33            25.0
661.34            37.0
661.35            37.0
661.36            23.0
661.37            12.0
661.38             9.0
661.39            10.0
661.40             4.0
661.41             3.0
661.42            11.0
661.42            19.0
661.43             6.0
661.44             0.0
661.45             0.0
661.46            11.0
661.47            12.0
661.48             6.0
661.49             7.0
661.50             3.0
661.51             0.0
661.52             0.0
661.53             0.0
661.54             6.0
661.55            13.0
661.55            13.0
661.56             9.0
661.57             2.0
661.58            10.0
661.59            21.0
661.60            19.0
661.61             3.0
661.62             3.0
661.63            16.0
661.64            19.0
661.65            15.0
661.66             8.0
661.67             6.0
661.67             7.0
661.68            12.0
661.69            24.0
661.70            37.0
661.71            32.0
661.72            17.0
661.73             5.0
661.74             7.0
661.75             9.0
661.76            11.0
661.77            14.0
661.78            17.0
661.79            26.0
661.80            23.0
661.80            15.0
661.81             0.0
661.82             0.0
661.83             0.0
661.84             4.0
661.85            10.0
661.86             1.0
661.87             2.0
661.88             4.0
661.89             6.0
661.90            11.0
661.91            15.0
661.92             8.0
661.92             1.0
661.93             9.0
661.94            17.0
661.95            36.0
661.96            51.0
661.97            49.0
661.98            33.0
661.99            21.0
662.00            15.0
662.01             7.0
662.02             0.0
662.03             2.0
662.04            14.0
662.05            11.0
662.05             0.0
662.06             0.0
662.07             0.0
662.08            14.0
662.09            27.0
662.10            28.0
662.11            20.0
662.12            11.0
662.13            15.0
662.14            15.0
662.15            20.0
662.16            28.0
662.17            26.0
662.17            18.0
662.18            10.0
662.19             0.0
662.20             0.0
662.21             2.0
662.22            20.0
662.23            18.0
662.24            10.0
662.25             4.0
662.26             6.0
662.27            12.0
662.28            27.0
662.29            25.0
662.30            13.0
662.30             0.0
662.31             0.0
662.32             5.0
662.33            14.0
662.34            21.0
662.35            16.0
662.36             7.0
662.37             6.0
662.38            17.0
662.39            12.0
662.40             0.0
662.41             0.0
662.42             0.0
662.42             6.0
662.43            12.0
662.44             0.0
662.45             0.0
662.46             0.0
662.47             0.0
662.48             8.0
662.49             7.0
662.50             1.0
662.51             0.0
662.52             2.0
662.53            10.0
662.54            16.0
662.55            19.0
662.55            25.0
662.56            18.0
662.57             8.0
662.58             8.0
662.59            13.0
662.60            16.0
662.61             4.0
662.62             0.0
662.63             3.0
662.64            17.0
662.65            15.0
662.66             8.0
662.67            12.0
662.67            16.0
662.68             9.0
662.69            11.0
662.70            12.0
662.71             8.0
662.72             0.0
662.73             2.0
662.74             6.0
662.75            15.0
662.76            10.0
662.77             0.0
662.78             4.0
662.79            10.0
662.80            12.0
662.80             5.0
662.81            17.0
662.82            20.0
662.83            13.0
662.84             6.0
662.85             4.0
662.86             0.0
662.87             0.0
662.88             7.0
662.89            16.0
662.90            10.0
662.91             2.0
662.92             7.0
662.92            20.0
662.93            26.0
662.94            25.0
662.95            18.0
662.96            10.0
662.97             3.0
662.98            10.0
662.99            19.0
663.00            28.0
663.01            27.0
663.02            29.0
663.03            25.0
663.04            16.0
663.05            17.0
663.05            32.0
663.06            35.0
663.07            26.0
663.08             8.0
663.09             0.0
663.10             1.0
663.11            16.0
663.12            20.0
663.13            24.0
663.14            10.0
663.15             0.0
663.16             0.0
663.17            11.0
663.17            15.0
663.18            13.0
663.19            21.0
663.20            30.0
663.21            33.0
663.22            27.0
663.23            25.0
663.24            23.0
663.25            11.0
663.26             3.0
663.27             0.0
663.28             0.0
663.29             0.0
663.29             3.0
663.30             5.0
663.31             8.0
663.32             9.0
663.33            10.0
663.34            10.0
663.35            13.0
663.36            10.0
663.37            11.0
663.38            15.0
663.39            26.0
663.40            36.0
663.41            41.0
663.42            31.0
663.42             9.0
663.43             5.0
663.44            16.0
663.45            18.0
663.46            10.0
663.47             6.0
663.48             6.0
663.49            14.0
663.50            34.0
663.51            36.0
663.52            22.0
663.53            10.0
663.54            21.0
663.54            28.0
663.55            20.0
663.56             2.0
663.57             3.0
663.58            16.0
663.59            24.0
663.60            30.0
663.61            30.0
663.62            11.0
663.63             0.0
663.64             9.0
663.65            27.0
663.66            25.0
663.67            17.0
663.67            19.0
663.68            28.0
663.69            32.0
663.70            36.0
663.71            34.0
663.72            25.0
663.73            15.0
663.74            23.0
663.75            22.0
663.76            19.0
663.77             5.0
663.78             0.0
663.79             0.0
663.79             0.0
663.80            11.0
663.81            17.0
663.82            12.0
663.83             5.0
663.84             0.0
663.85             0.0
663.86            18.0
663.87            31.0
663.88            33.0
663.89            33.0
663.90            34.0
663.91            22.0
663.92             7.0
663.92            10.0
663.93            11.0
663.94             9.0
663.95             6.0
663.96             7.0
663.97             0.0
663.98             4.0
663.99            14.0
664.00            19.0
664.01            13.0
664.02             8.0
664.03            18.0
664.04            22.0
664.04            18.0
664.05            14.0
664.06            30.0
664.07            29.0
664.08            23.0
664.09            18.0
664.10            21.0
664.11            16.0
664.12            16.0
664.13            14.0
664.14            13.0
664.15            14.0
664.16            17.0
664.17            28.0
664.17            28.0
664.18            18.0
664.19            15.0
664.20            23.0
664.21            17.0
664.22             8.0
664.23            11.0
664.24            15.0
664.25             9.0
664.26            16.0
664.27            23.0
664.28            26.0
664.29            12.0
664.29            10.0
664.30            14.0
664.31            18.0
664.32            24.0
664.33            22.0
664.34             9.0
664.35             0.0
664.36             0.0
664.37            12.0
664.38            28.0
664.39            27.0
664.40            17.0
664.41             9.0
664.42             0.0
664.42             0.0
664.43             0.0
664.44            13.0
664.45            25.0
664.46            22.0
664.47            14.0
664.48            13.0
664.49            10.0
664.50            22.0
664.51            22.0
664.52             4.0
664.53             0.0
664.54            17.0
664.54            29.0
664.55            22.0
664.56            18.0
664.57            31.0
664.58            29.0
664.59            24.0
664.60            24.0
664.61            28.0
664.62            16.0
664.63            12.0
664.64            22.0
664.65            30.0
664.66            26.0
664.67            17.0
664.67             0.0
664.68             0.0
664.69             0.0
664.70             6.0
664.71            25.0
664.72            29.0
664.73            23.0
664.74            22.0
664.75            15.0
664.76             6.0
664.77             3.0
664.78            27.0
664.79            37.0
664.79            26.0
664.80            18.0
664.81            15.0
664.82            10.0
664.83             0.0
664.84             8.0
664.85             8.0
664.86            11.0
664.87            14.0
664.88            16.0
664.89            19.0
664.90            29.0
664.91            39.0
664.92            36.0
664.92            37.0
664.93            32.0
664.94            17.0
664.95             6.0
664.96             6.0
664.97            13.0
664.98            21.0
664.99            27.0
665.00            28.0
665.01            31.0
665.02            36.0
665.03            29.0
665.04            15.0
665.04             8.0
665.05            12.0
665.06            14.0
665.07            16.0
665.08            12.0
665.09            18.0
665.10            24.0
665.11            32.0
665.12            21.0
665.13             3.0
665.14             0.0
665.15             0.0
665.16             0.0
665.17            19.0
665.17            29.0
665.18            21.0
665.19            15.0
665.20            10.0
665.21             0.0
665.22             0.0
665.23             4.0
665.24             3.0
665.25             0.0
665.26             0.0
665.27             4.0
665.28            14.0
665.29            10.0
665.29             8.0
665.30            21.0
665.31            17.0
665.32            13.0
665.33            11.0
665.34             8.0
665.35             5.0
665.36             7.0
665.37             7.0
665.38             0.0
665.39             5.0
665.40            20.0
665.41            33.0
665.42            38.0
665.42            36.0
665.43            26.0
665.44            20.0
665.45            26.0
665.46            29.0
665.47            21.0
665.48            10.0
665.49             7.0
665.50            20.0
665.51            31.0
665.52            33.0
665.53            27.0
665.54            27.0
665.54            22.0
665.55            15.0
665.56             4.0
665.57             3.0
665.58            14.0
665.59            27.0
665.60            25.0
665.61            22.0
665.62            24.0
665.63            10.0
665.64             0.0
665.65            12.0
665.66            27.0
665.67            16.0
665.67             2.0
665.68             5.0
665.69            15.0
665.70            28.0
665.71            28.0
665.72            13.0
665.73             0.0
665.74             9.0
665.75            23.0
665.76            17.0
665.77            15.0
665.78            32.0
665.79            48.0
665.79            32.0
665.80            20.0
665.81            30.0
665.82            33.0
665.83             9.0
665.84             0.0
665.85             7.0
665.86            18.0
665.87            13.0
665.88             9.0
665.89            14.0
665.90            29.0
665.91            26.0
665.92            18.0
665.92            19.0
665.93            29.0
665.94            40.0
665.95            41.0
665.96            40.0
665.97            41.0
665.98            30.0
665.99            11.0
666.00             0.0
666.01             6.0
666.02            13.0
666.03            11.0
666.04             6.0
666.04            12.0
666.05            19.0
666.06            10.0
666.07             0.0
666.08             9.0
666.09            27.0
666.10            28.0
666.11            23.0
666.12             6.0
666.13            12.0
666.14            16.0
666.15            16.0
666.16             0.0
666.17             5.0
666.17            21.0
666.18            20.0
666.19             9.0
666.20             6.0
666.21            13.0
666.22            19.0
666.23            28.0
666.24            28.0
666.25            17.0
666.26            17.0
666.27            24.0
666.28            37.0
666.29            33.0
666.29            25.0
666.30            13.0
666.31            11.0
666.32            13.0
666.33            12.0
666.34            12.0
666.35            16.0
666.36            25.0
666.37            31.0
666.38            23.0
666.39             0.0
666.40             0.0
666.41             0.0
666.42            26.0
666.42            29.0
666.43            14.0
666.44             8.0
666.45            12.0
666.46            20.0
666.47            18.0
666.48            25.0
666.49            25.0
666.50            18.0
666.51             7.0
666.52            17.0
666.53            22.0
666.54            19.0
666.54            11.0
666.55             6.0
666.56             0.0
666.57             0.0
666.58             7.0
666.59            10.0
666.60            19.0
666.61            23.0
666.62            12.0
666.63            11.0
666.64            26.0
666.65            32.0
666.66            17.0
666.67             3.0
666.67             0.0
666.68            16.0
666.69            29.0
666.70            28.0
666.71            21.0
666.72            11.0
666.73            12.0
666.74            17.0
666.75            18.0
666.76             1.0
666.77             0.0
666.78             5.0
666.79            21.0
666.79            22.0
666.80            17.0
666.81            17.0
666.82            13.0
666.83             9.0
666.84            11.0
666.85            13.0
666.86             9.0
666.87            12.0
666.88            17.0
666.89            25.0
666.90            23.0
666.91            23.0
666.92            22.0
666.92            31.0
666.93            38.0
666.94            34.0
666.95            14.0
666.96             1.0
666.97            13.0
666.98            32.0
666.99            31.0
667.00            23.0
667.01            30.0
667.02            36.0
667.03            27.0
667.04             6.0
667.04             0.0
667.05             0.0
667.06             9.0
667.07            21.0
667.08            19.0
667.09            14.0
667.10             8.0
667.11            11.0
667.12             8.0
667.13            13.0
667.14            15.0
667.15            18.0
667.16            16.0
667.17            19.0
667.17            15.0
667.18             9.0
667.19            16.0
667.20            29.0
667.21            34.0
667.22            26.0
667.23            17.0
667.24            15.0
667.25            12.0
667.26            16.0
667.27            18.0
667.28            26.0
667.29            31.0
667.29            27.0
667.30            13.0
667.31             5.0
667.32            15.0
667.33            30.0
667.34            38.0
667.35            35.0
667.36            24.0
667.37            17.0
667.38            14.0
667.39            26.0
667.40            30.0
667.41            32.0
667.42            32.0
667.42            35.0
667.43            32.0
667.44            14.0
667.45             1.0
667.46             4.0
667.47            30.0
667.48            38.0
667.49            26.0
667.50            16.0
667.51            17.0
667.52            21.0
667.53            10.0
667.54            12.0
667.54            30.0
667.55            35.0
667.56            22.0
667.57            18.0
667.58            23.0
667.59            15.0
667.60            14.0
667.61            17.0
667.62            15.0
667.63            10.0
667.64            11.0
667.65            14.0
667.66            18.0
667.67            24.0
667.67            34.0
667.68            44.0
667.69            41.0
667.70            23.0
667.71           251.0
667.72           251.0
