648.76             0.0
648.77             0.0
648.78            25.0
648.79            17.0
648.80             0.0
648.80             0.0
648.81             7.0
648.82             0.0
648.83             0.0
648.84             3.0
648.85            30.0
648.86            31.0
648.87            17.0
648.88             0.0
648.89             4.0
648.90            32.0
648.91            39.0
648.92            17.0
648.93             9.0
648.93            26.0
648.94            24.0
648.95             4.0
648.96             0.0
648.97             3.0
648.98            11.0
648.99            13.0
649.00             3.0
649.01             0.0
649.02             1.0
649.03            15.0
649.04            12.0
649.05             0.0
649.05             0.0
649.06             0.0
649.07            10.0
649.08            29.0
649.09            24.0
649.10             0.0
649.11             0.0
649.12             0.0
649.13             5.0
649.14             0.0
649.15             0.0
649.16             0.0
649.17             4.0
649.18            16.0
649.18             5.0
649.19             0.0
649.20             0.0
649.21             0.0
649.22             0.0
649.23            11.0
649.24            19.0
649.25             8.0
649.26             0.0
649.27             0.0
649.28             0.0
649.29             1.0
649.30             1.0
649.30             0.0
649.31             4.0
649.32            15.0
649.33             0.0
649.34             0.0
649.35             0.0
649.36             7.0
649.37            14.0
649.38            11.0
649.39            11.0
649.40            12.0
649.41            26.0
649.42            27.0
649.43            19.0
649.43            10.0
649.44            14.0
649.45            18.0
649.46            20.0
649.47            11.0
649.48             0.0
649.49             0.0
649.50             1.0
649.51            20.0
649.52            24.0
649.53            13.0
649.54             0.0
649.55             0.0
649.55             0.0
649.56             0.0
649.57             9.0
649.58             7.0
649.59             0.0
649.60             1.0
649.61            12.0
649.62            12.0
649.63            11.0
649.64             7.0
649.65             8.0
649.66             8.0
649.67             4.0
649.68             0.0
649.68             0.0
649.69             2.0
649.70             6.0
649.71             0.0
649.72             0.0
649.73             0.0
649.74             0.0
649.75             0.0
649.76             0.0
649.77             6.0
649.78             3.0
649.79             7.0
649.80             0.0
649.80             0.0
649.81             0.0
649.82            14.0
649.83            10.0
649.84             3.0
649.85            11.0
649.86            24.0
649.87            12.0
649.88             0.0
649.89             0.0
649.90            12.0
649.91            23.0
649.92            25.0
649.93            27.0
649.93            25.0
649.94            11.0
649.95             7.0
649.96             5.0
649.97             0.0
649.98             0.0
649.99             5.0
650.00            13.0
650.01             0.0
650.02             0.0
650.03             2.0
650.04             4.0
650.05             0.0
650.05             0.0
650.06             0.0
650.07             0.0
650.08            16.0
650.09            23.0
650.10            11.0
650.11             0.0
650.12             0.0
650.13             0.0
650.14             0.0
650.15             0.0
650.16             0.0
650.17             0.0
650.18             1.0
650.18             0.0
650.19             3.0
650.20             6.0
650.21            13.0
650.22            13.0
650.23            12.0
650.24             4.0
650.25             1.0
650.26             0.0
650.27             6.0
650.28            15.0
650.29            19.0
650.30             6.0
650.30             0.0
650.31             0.0
650.32             0.0
650.33             0.0
650.34             7.0
650.35            24.0
650.36            23.0
650.37            13.0
650.38             5.0
650.39             4.0
650.40             7.0
650.41            20.0
650.42            13.0
650.43             4.0
650.43             0.0
650.44             9.0
650.45            11.0
650.46            12.0
650.47             3.0
650.48             8.0
650.49            14.0
650.50            21.0
650.51            20.0
650.52            17.0
650.53             7.0
650.54             5.0
650.55            11.0
650.55            13.0
650.56             6.0
650.57             1.0
650.58            13.0
650.59            27.0
650.60            24.0
650.61             2.0
650.62             0.0
650.63             0.0
650.64            11.0
650.65            24.0
650.66            17.0
650.67            17.0
650.68            19.0
650.68            28.0
650.69            19.0
650.70            10.0
650.71             2.0
650.72             0.0
650.73             0.0
650.74             0.0
650.75             7.0
650.76            10.0
650.77             3.0
650.78            11.0
650.79            24.0
650.80            25.0
650.80            15.0
650.81             3.0
650.82             6.0
650.83             4.0
650.84            10.0
650.85            12.0
650.86            22.0
650.87            13.0
650.88             7.0
650.89             4.0
650.90            13.0
650.91            17.0
650.92            15.0
650.93             7.0
650.93             2.0
650.94            10.0
650.95            16.0
650.96            13.0
650.97             5.0
650.98            13.0
650.99            10.0
651.00            10.0
651.01            12.0
651.02            22.0
651.03            12.0
651.04            14.0
651.05            26.0
651.05            38.0
651.06            33.0
651.07            19.0
651.08             0.0
651.09             0.0
651.10             0.0
651.11             1.0
651.12            13.0
651.13             4.0
651.14             0.0
651.15             0.0
651.16             0.0
651.17             2.0
651.18            16.0
651.18            18.0
651.19            21.0
651.20            21.0
651.21            17.0
651.22            21.0
651.23            24.0
651.24            18.0
651.25            11.0
651.26             3.0
651.27             0.0
651.28             0.0
651.29             5.0
651.30             7.0
651.30             8.0
651.31            12.0
651.32             9.0
651.33             5.0
651.34             2.0
651.35             0.0
651.36             0.0
651.37             0.0
651.38             0.0
651.39             0.0
651.40             2.0
651.41            10.0
651.42            14.0
651.43            13.0
651.43            24.0
651.44            17.0
651.45             0.0
651.46             0.0
651.47             0.0
651.48             0.0
651.49             0.0
651.50             3.0
651.51             4.0
651.52             2.0
651.53             5.0
651.54            14.0
651.55             9.0
651.55             0.0
651.56             0.0
651.57             0.0
651.58             7.0
651.59             4.0
651.60             4.0
651.61            11.0
651.62            25.0
651.63            33.0
651.64            30.0
651.65            13.0
651.66             4.0
651.67            16.0
651.68            24.0
651.68            14.0
651.69             4.0
651.70             0.0
651.71             8.0
651.72            11.0
651.73             1.0
651.74             0.0
651.75             0.0
651.76             3.0
651.77             0.0
651.78             5.0
651.79            24.0
651.80            36.0
651.80            23.0
651.81            17.0
651.82            16.0
651.83            17.0
651.84            12.0
651.85             0.0
651.86             0.0
651.87             0.0
651.88             4.0
651.89             0.0
651.90             0.0
651.91             0.0
651.92             3.0
651.93             0.0
651.93             7.0
651.94            15.0
651.95            15.0
651.96             0.0
651.97             0.0
651.98             1.0
651.99             6.0
652.00             1.0
652.01             0.0
652.02             0.0
652.03             6.0
652.04            10.0
652.05             3.0
652.05             3.0
652.06             6.0
652.07            11.0
652.08            11.0
652.09             3.0
652.10             0.0
652.11             9.0
652.12            34.0
652.13            45.0
652.14            30.0
652.15            21.0
652.16            15.0
652.17             0.0
652.18             0.0
652.18             2.0
652.19            12.0
652.20             0.0
652.21             0.0
652.22            18.0
652.23            26.0
652.24             5.0
652.25             0.0
652.26             0.0
652.27             4.0
652.28             6.0
652.29             6.0
652.30             0.0
652.30             0.0
652.31            12.0
652.32            25.0
652.33            16.0
652.34             3.0
652.35             0.0
652.36            14.0
652.37            17.0
652.38            10.0
652.39             2.0
652.40             7.0
652.41            22.0
652.42            26.0
652.43            22.0
652.43            12.0
652.44            12.0
652.45            13.0
652.46            15.0
652.47            16.0
652.48            21.0
652.49            29.0
652.50            27.0
652.51             8.0
652.52             3.0
652.53             8.0
652.54             9.0
652.55             0.0
652.55             0.0
652.56             2.0
652.57             3.0
652.58             0.0
652.59             0.0
652.60             0.0
652.61             0.0
652.62             9.0
652.63            16.0
652.64            18.0
652.65             1.0
652.66             0.0
652.67             0.0
652.68             0.0
652.68             0.0
652.69             0.0
652.70             6.0
652.71            20.0
652.72            20.0
652.73            19.0
652.74            21.0
652.75            25.0
652.76            12.0
652.77             0.0
652.78             0.0
652.79             0.0
652.80            12.0
652.80             2.0
652.81             0.0
652.82             0.0
652.83             0.0
652.84             6.0
652.85            15.0
652.86            21.0
652.87            24.0
652.88            17.0
652.89             4.0
652.90             8.0
652.91            18.0
652.92            19.0
652.93            14.0
652.93            20.0
652.94            21.0
652.95            13.0
652.96             3.0
652.97             0.0
652.98             3.0
652.99            10.0
653.00             9.0
653.01             5.0
653.02             8.0
653.03             9.0
653.04             0.0
653.05             0.0
653.05             0.0
653.06            12.0
653.07            16.0
653.08            12.0
653.09            12.0
653.10            14.0
653.11             9.0
653.12             0.0
653.13             0.0
653.14             2.0
653.15            14.0
653.16            14.0
653.17             6.0
653.18             5.0
653.18             0.0
653.19             2.0
653.20            18.0
653.21            27.0
653.22            14.0
653.23             0.0
653.24             0.0
653.25             0.0
653.26             0.0
653.27             0.0
653.28             0.0
653.29            16.0
653.30            20.0
653.30            24.0
653.31            17.0
653.32            17.0
653.33             9.0
653.34            10.0
653.35             9.0
653.36             7.0
653.37             0.0
653.38             5.0
653.39            15.0
653.40            17.0
653.41             3.0
653.42             0.0
653.43             1.0
653.43            14.0
653.44            20.0
653.45            15.0
653.46            18.0
653.47            17.0
653.48             9.0
653.49             8.0
653.50            12.0
653.51            18.0
653.52             7.0
653.53             9.0
653.54            12.0
653.55            18.0
653.55            14.0
653.56            15.0
653.57            16.0
653.58            12.0
653.59             0.0
653.60             0.0
653.61             8.0
653.62            22.0
653.63            13.0
653.64             0.0
653.65             8.0
653.66            26.0
653.67            26.0
653.68             9.0
653.68             0.0
653.69             6.0
653.70            21.0
653.71            32.0
653.72            29.0
653.73            24.0
653.74            11.0
653.75             5.0
653.76             2.0
653.77             4.0
653.78             0.0
653.79             0.0
653.80             0.0
653.80             0.0
653.81             0.0
653.82             0.0
653.83            16.0
653.84            34.0
653.85            27.0
653.86            18.0
653.87            13.0
653.88            13.0
653.89             8.0
653.90             7.0
653.91            10.0
653.92            15.0
653.93            16.0
653.93            12.0
653.94             7.0
653.95             3.0
653.96             1.0
653.97             0.0
653.98             0.0
653.99             5.0
654.00            13.0
654.01             3.0
654.02             0.0
654.03             0.0
654.04             0.0
654.05             9.0
654.05             4.0
654.06             0.0
654.07             0.0
654.08             0.0
654.09             9.0
654.10            12.0
654.11             8.0
654.12             6.0
654.13            12.0
654.14            11.0
654.15            11.0
654.16             0.0
654.17             0.0
654.18             0.0
654.18             0.0
654.19             9.0
654.20            18.0
654.21            18.0
654.22            29.0
654.23            27.0
654.24            10.0
654.25             1.0
654.26             4.0
654.27            12.0
654.28            12.0
654.29             5.0
654.30             0.0
654.30             0.0
654.31             3.0
654.32            22.0
654.33            30.0
654.34            22.0
654.35             9.0
654.36             0.0
654.37             0.0
654.38            11.0
654.39            12.0
654.40             6.0
654.41             9.0
654.42            26.0
654.43            27.0
654.43             8.0
654.44             0.0
654.45            10.0
654.46             9.0
654.47             8.0
654.48             9.0
654.49            21.0
654.50            26.0
654.51            18.0
654.52            12.0
654.53             0.0
654.54            11.0
654.55            13.0
654.55            21.0
654.56            21.0
654.57            22.0
654.58             5.0
654.59             0.0
654.60             0.0
654.61             2.0
654.62            24.0
654.63            40.0
654.64            46.0
654.65            41.0
654.66            40.0
654.67            40.0
654.68            33.0
654.68            23.0
654.69            23.0
654.70            24.0
654.71            15.0
654.72             3.0
654.73             2.0
654.74            11.0
654.75            16.0
654.76            16.0
654.77            10.0
654.78             6.0
654.79             0.0
654.80             7.0
654.80            15.0
654.81            20.0
654.82            27.0
654.83            22.0
654.84            13.0
654.85            11.0
654.86            24.0
654.87            21.0
654.88             9.0
654.89            13.0
654.90            25.0
654.91            19.0
654.92             5.0
654.93            15.0
654.93            25.0
654.94            15.0
654.95             8.0
654.96            10.0
654.97            23.0
654.98            35.0
654.99            35.0
655.00            18.0
655.01             0.0
655.02             0.0
655.03             0.0
655.04             0.0
655.05             5.0
655.05            12.0
655.06            20.0
655.07            18.0
655.08            29.0
655.09            26.0
655.10            14.0
655.11             0.0
655.12             2.0
655.13             8.0
655.14             8.0
655.15             2.0
655.16             5.0
655.17             4.0
655.18             0.0
655.18             4.0
655.19            16.0
655.20            15.0
655.21             6.0
655.22            10.0
655.23            16.0
655.24            17.0
655.25            26.0
655.26            34.0
655.27            28.0
655.28            28.0
655.29            29.0
655.30            26.0
655.30            17.0
655.31            17.0
655.32            18.0
655.33            11.0
655.34            17.0
655.35            24.0
655.36            23.0
655.37             7.0
655.38             4.0
655.39            18.0
655.40            34.0
655.41            28.0
655.42            23.0
655.43            23.0
655.43            25.0
655.44            15.0
655.45             2.0
655.46             0.0
655.47             2.0
655.48             5.0
655.49            11.0
655.50             4.0
655.51             7.0
655.52            12.0
655.53            22.0
655.54            20.0
655.55            15.0
655.55            11.0
655.56            12.0
655.57            12.0
655.58             9.0
655.59            12.0
655.60            16.0
655.61            12.0
655.62             3.0
655.63             2.0
655.64             1.0
655.65             7.0
655.66             0.0
655.67             0.0
655.68             0.0
655.68            14.0
655.69            12.0
655.70             1.0
655.71             0.0
655.72             0.0
655.73             5.0
655.74             6.0
655.75             1.0
655.76             0.0
655.77             0.0
655.78             3.0
655.79             5.0
655.80            15.0
655.80            17.0
655.81            19.0
655.82            23.0
655.83            24.0
655.84            19.0
655.85            10.0
655.86             0.0
655.87             0.0
655.88            11.0
655.89            20.0
655.90            17.0
655.91             9.0
655.92            23.0
655.92            22.0
655.93            16.0
655.94             3.0
655.95             8.0
655.96            16.0
655.97            17.0
655.98            16.0
655.99            26.0
656.00            37.0
656.01            27.0
656.02            23.0
656.03            28.0
656.04            40.0
656.05            42.0
656.05            56.0
656.06            67.0
656.07            81.0
656.08           103.0
656.09           122.0
656.10           128.0
656.11           128.0
656.12           142.0
656.13           155.0
656.14           177.0
656.15           204.0
656.16           229.0
656.17           260.0
656.17           295.0
656.18           353.0
656.19           423.0
656.20           517.0
656.21           592.0
656.22           711.0
656.23           918.0
656.24           1235.0
656.25           1629.0
656.26           2106.0
656.27           2597.0
656.28           2957.0
656.29           2958.0
656.30           2494.0
656.30           1743.0
656.31           1046.0
656.32           608.0
656.33           368.0
656.34           229.0
656.35           153.0
656.36           128.0
656.37           118.0
656.38            98.0
656.39            92.0
656.40            85.0
656.41            85.0
656.42            77.0
656.42            61.0
656.43            49.0
656.44            47.0
656.45            50.0
656.46            28.0
656.47            11.0
656.48             4.0
656.49            12.0
656.50            15.0
656.51            16.0
656.52            15.0
656.53            13.0
656.54            16.0
656.55            26.0
656.55            28.0
656.56            26.0
656.57            22.0
656.58            11.0
656.59            17.0
656.60            16.0
656.61            21.0
656.62            26.0
656.63            26.0
656.64            13.0
656.65             4.0
656.66            14.0
656.67            16.0
656.67            16.0
656.68            18.0
656.69             7.0
656.70             1.0
656.71             4.0
656.72            19.0
656.73            11.0
656.74             6.0
656.75             9.0
656.76            21.0
656.77            22.0
656.78            19.0
656.79             9.0
656.80             3.0
656.80             7.0
656.81            13.0
656.82            11.0
656.83            16.0
656.84            18.0
656.85            13.0
656.86             0.0
656.87             0.0
656.88             1.0
656.89            13.0
656.90             7.0
656.91             0.0
656.92             0.0
656.92             0.0
656.93             0.0
656.94             3.0
656.95            10.0
656.96            17.0
656.97            18.0
656.98            16.0
656.99            10.0
657.00             7.0
657.01             0.0
657.02             6.0
657.03            24.0
657.04            21.0
657.05             7.0
657.05             0.0
657.06            13.0
657.07            28.0
657.08            31.0
657.09            22.0
657.10             9.0
657.11             0.0
657.12             0.0
657.13            14.0
657.14            21.0
657.15            12.0
657.16            10.0
657.17            15.0
657.17            23.0
657.18            28.0
657.19            32.0
657.20            20.0
657.21             0.0
657.22             0.0
657.23             0.0
657.24             0.0
657.25             0.0
657.26             0.0
657.27            19.0
657.28            37.0
657.29            36.0
657.30            18.0
657.30             0.0
657.31             0.0
657.32             6.0
657.33             8.0
657.34             0.0
657.35             0.0
657.36             0.0
657.37            16.0
657.38            30.0
657.39            24.0
657.40            20.0
657.41            12.0
657.42             9.0
657.42             5.0
657.43            13.0
657.44             8.0
657.45             3.0
657.46             2.0
657.47             7.0
657.48             7.0
657.49             3.0
657.50             0.0
657.51             0.0
657.52             0.0
657.53            15.0
657.54            18.0
657.55             5.0
657.55             0.0
657.56             0.0
657.57             7.0
657.58             9.0
657.59             9.0
657.60             5.0
657.61             1.0
657.62             0.0
657.63             3.0
657.64            21.0
657.65            27.0
657.66            19.0
657.67            10.0
657.67             2.0
657.68             1.0
657.69             3.0
657.70             0.0
657.71             0.0
657.72             4.0
657.73            27.0
657.74            36.0
657.75            25.0
657.76            19.0
657.77            17.0
657.78            20.0
657.79            17.0
657.80            13.0
657.80             0.0
657.81             0.0
657.82             5.0
657.83            35.0
657.84            28.0
657.85            22.0
657.86            18.0
657.87            17.0
657.88            17.0
657.89            17.0
657.90            11.0
657.91             0.0
657.92             1.0
657.92             0.0
657.93             0.0
657.94             3.0
657.95            13.0
657.96             9.0
657.97             0.0
657.98             0.0
657.99             2.0
658.00            12.0
658.01            28.0
658.02            43.0
658.03            36.0
658.04            14.0
658.05             0.0
658.05             0.0
658.06             0.0
658.07             0.0
658.08             0.0
658.09             0.0
658.10             7.0
658.11            24.0
658.12            24.0
658.13            18.0
658.14            11.0
658.15            11.0
658.16             9.0
658.17            14.0
658.17            10.0
658.18             3.0
658.19             0.0
658.20             0.0
658.21             0.0
658.22             0.0
658.23             0.0
658.24             5.0
658.25             0.0
658.26             0.0
658.27             0.0
658.28             3.0
658.29             0.0
658.30             0.0
658.30             0.0
658.31             0.0
658.32             6.0
658.33            13.0
658.34            14.0
658.35             5.0
658.36            17.0
658.37            25.0
658.38            22.0
658.39             6.0
658.40             0.0
658.41             0.0
658.42             0.0
658.42             4.0
658.43            11.0
658.44            15.0
658.45            10.0
658.46             4.0
658.47             3.0
658.48             9.0
658.49             5.0
658.50             3.0
658.51             6.0
658.52            17.0
658.53            15.0
658.54             4.0
658.55             0.0
658.55             7.0
658.56             2.0
658.57             0.0
658.58             2.0
658.59            22.0
658.60            15.0
658.61             3.0
658.62             1.0
658.63             4.0
658.64             0.0
658.65             0.0
658.66            16.0
658.67            24.0
658.67            23.0
658.68            19.0
658.69            21.0
658.70            11.0
658.71             5.0
658.72            18.0
658.73            34.0
658.74            32.0
658.75            20.0
658.76            19.0
658.77            23.0
658.78            20.0
658.79            12.0
658.80             8.0
658.80             4.0
658.81             7.0
658.82            18.0
658.83            17.0
658.84             0.0
658.85             0.0
658.86             9.0
658.87            12.0
658.88             0.0
658.89             0.0
658.90             5.0
658.91             9.0
658.92             1.0
658.92             0.0
658.93             0.0
658.94             5.0
658.95             0.0
658.96             0.0
658.97             0.0
658.98             0.0
658.99            10.0
659.00             1.0
659.01             0.0
659.02             0.0
659.03             0.0
659.04             8.0
659.05            18.0
659.05            23.0
659.06            17.0
659.07             1.0
659.08             0.0
659.09            12.0
659.10            20.0
659.11             5.0
659.12             0.0
659.13             0.0
659.14             2.0
659.15            25.0
659.16            38.0
659.17            32.0
659.17            18.0
659.18            10.0
659.19             7.0
659.20            16.0
659.21            19.0
659.22            15.0
659.23            10.0
659.24            12.0
659.25             7.0
659.26             4.0
659.27             1.0
659.28             5.0
659.29            12.0
659.30             7.0
659.30             0.0
659.31             0.0
659.32             0.0
659.33             8.0
659.34             9.0
659.35            11.0
659.36            26.0
659.37            34.0
659.38            23.0
659.39             9.0
659.40            10.0
659.41            18.0
659.42             9.0
659.42             0.0
659.43             0.0
659.44             4.0
659.45            11.0
659.46            14.0
659.47             5.0
659.48             6.0
659.49            18.0
659.50            18.0
659.51            14.0
659.52            19.0
659.53            27.0
659.54            20.0
659.55            14.0
659.55            13.0
659.56            14.0
659.57            11.0
659.58            10.0
659.59            11.0
659.60            21.0
659.61            23.0
659.62            18.0
659.63             8.0
659.64             9.0
659.65            10.0
659.66            15.0
659.67            11.0
659.67            11.0
659.68             8.0
659.69            13.0
659.70            21.0
659.71            23.0
659.72            15.0
659.73             1.0
659.74             0.0
659.75             0.0
659.76             0.0
659.77             0.0
659.78             0.0
659.79             0.0
659.80             0.0
659.80             4.0
659.81             7.0
659.82            14.0
659.83            19.0
659.84            20.0
659.85             4.0
659.86             7.0
659.87             8.0
659.88             9.0
659.89             6.0
659.90            17.0
659.91            29.0
659.92            33.0
659.92            22.0
659.93             1.0
659.94             0.0
659.95             0.0
659.96            16.0
659.97            19.0
659.98            10.0
659.99            16.0
660.00            14.0
660.01             6.0
660.02             1.0
660.03            13.0
660.04            17.0
660.05            19.0
660.05            14.0
660.06             6.0
660.07             5.0
660.08            22.0
660.09            39.0
660.10            38.0
660.11            20.0
660.12             8.0
660.13             4.0
660.14             8.0
660.15            16.0
660.16            16.0
660.17             4.0
660.17             0.0
660.18             0.0
660.19             0.0
660.20             7.0
660.21             4.0
660.22             1.0
660.23             2.0
660.24            13.0
660.25            11.0
660.26             6.0
660.27             4.0
660.28             0.0
660.29             0.0
660.30             3.0
660.30            23.0
660.31            21.0
660.32            15.0
660.33            18.0
660.34            26.0
660.35            25.0
660.36             4.0
660.37             0.0
660.38             0.0
660.39             0.0
660.40             0.0
660.41             2.0
660.42            26.0
660.42            29.0
660.43            10.0
660.44             0.0
660.45             0.0
660.46             7.0
660.47            15.0
660.48            19.0
660.49            10.0
660.50             6.0
660.51             4.0
660.52             2.0
660.53             0.0
660.54             0.0
660.55             5.0
660.55            16.0
660.56            24.0
660.57            20.0
660.58             8.0
660.59             0.0
660.60             0.0
660.61             0.0
660.62             0.0
660.63             1.0
660.64             9.0
660.65            16.0
660.66            10.0
660.67             0.0
660.67             0.0
660.68             0.0
660.69             2.0
660.70             7.0
660.71            20.0
660.72            25.0
660.73            21.0
660.74            15.0
660.75             6.0
660.76             4.0
660.77             0.0
660.78             0.0
660.79             0.0
660.80             0.0
660.80            13.0
660.81            21.0
660.82            18.0
660.83             8.0
660.84             0.0
660.85             0.0
660.86            22.0
660.87            36.0
660.88             9.0
660.89             0.0
660.90             0.0
660.91             0.0
660.92             0.0
660.92             0.0
660.93             0.0
660.94             0.0
660.95             3.0
660.96            11.0
660.97            20.0
660.98            33.0
660.99            34.0
661.00            20.0
661.01             0.0
661.02             0.0
661.03             0.0
661.04             8.0
661.05             0.0
661.05             0.0
661.06             0.0
661.07             7.0
661.08            10.0
661.09             7.0
661.10             7.0
661.11             3.0
661.12             0.0
661.13             5.0
661.14            11.0
661.15             0.0
661.16             0.0
661.17             7.0
661.17            10.0
661.18             4.0
661.19             0.0
661.20             0.0
661.21             0.0
661.22             1.0
661.23             8.0
661.24             7.0
661.25             1.0
661.26             0.0
661.27             9.0
661.28            19.0
661.29            15.0
661.30            10.0
661.30             9.0
661.31            12.0
661.32            15.0
661.33            13.0
661.34            16.0
661.35            10.0
661.36             1.0
661.37             0.0
661.38             2.0
661.39            12.0
661.40            10.0
661.41             4.0
661.42             0.0
661.42             0.0
661.43             0.0
661.44             2.0
661.45             8.0
661.46            17.0
661.47            15.0
661.48            11.0
661.49             9.0
661.50             5.0
661.51             0.0
661.52             0.0
661.53             0.0
661.54             7.0
661.55            13.0
661.55            11.0
661.56             5.0
661.57             1.0
661.58             7.0
661.59            11.0
661.60             4.0
661.61             0.0
661.62             0.0
661.63             0.0
661.64             0.0
661.65             0.0
661.66             0.0
661.67             0.0
661.67             0.0
661.68            12.0
661.69             5.0
661.70             2.0
661.71             0.0
661.72             4.0
661.73             9.0
661.74            14.0
661.75             4.0
661.76             0.0
661.77             0.0
661.78             9.0
661.79            20.0
661.80            21.0
661.80             2.0
661.81             0.0
661.82             0.0
661.83             0.0
661.84             0.0
661.85             0.0
661.86             0.0
661.87             1.0
661.88             1.0
661.89             5.0
661.90            11.0
661.91            15.0
661.92            17.0
661.92            14.0
661.93            12.0
661.94             3.0
661.95             4.0
661.96             4.0
661.97             5.0
661.98             0.0
661.99             0.0
662.00             0.0
662.01             0.0
662.02             0.0
662.03             3.0
662.04             2.0
662.05             0.0
662.05             0.0
662.06             0.0
662.07             0.0
662.08             0.0
662.09            11.0
662.10            17.0
662.11            20.0
662.12            22.0
662.13            39.0
662.14            41.0
662.15            25.0
662.16             9.0
662.17             0.0
662.17             0.0
662.18             2.0
662.19             0.0
662.20             0.0
662.21             0.0
662.22             0.0
662.23             3.0
662.24            14.0
662.25            10.0
662.26             0.0
662.27             0.0
662.28             2.0
662.29             5.0
662.30             0.0
662.30             0.0
662.31             0.0
662.32             0.0
662.33             5.0
662.34             9.0
662.35             7.0
662.36            10.0
662.37             9.0
662.38             0.0
662.39             0.0
662.40             0.0
662.41             0.0
662.42             0.0
662.42             0.0
662.43             0.0
662.44             0.0
662.45             0.0
662.46             0.0
662.47             0.0
662.48             0.0
662.49             0.0
662.50             0.0
662.51             0.0
662.52             0.0
662.53             0.0
662.54             0.0
662.55             6.0
662.55            11.0
662.56             0.0
662.57             0.0
662.58            11.0
662.59            16.0
662.60             3.0
662.61             0.0
662.62             0.0
662.63             7.0
662.64            19.0
662.65             6.0
662.66             0.0
662.67             0.0
662.67             2.0
662.68             0.0
662.69             7.0
662.70             5.0
662.71            11.0
662.72             8.0
662.73             6.0
662.74             1.0
662.75             6.0
662.76             1.0
662.77             0.0
662.78             0.0
662.79             1.0
662.80             2.0
662.80             2.0
662.81             0.0
662.82             0.0
662.83             0.0
662.84             0.0
662.85             0.0
662.86             2.0
662.87             1.0
662.88             4.0
662.89             8.0
662.90            12.0
662.91            13.0
662.92            13.0
662.92             8.0
662.93             9.0
662.94            20.0
662.95            26.0
662.96             8.0
662.97             0.0
662.98             0.0
662.99             5.0
663.00            14.0
663.01            15.0
663.02            11.0
663.03             9.0
663.04            12.0
663.05            13.0
663.05            20.0
663.06            30.0
663.07            38.0
663.08            16.0
663.09             0.0
663.10             0.0
663.11             8.0
663.12             9.0
663.13             7.0
663.14             0.0
663.15             0.0
663.16             0.0
663.17            12.0
663.17            12.0
663.18            14.0
663.19            15.0
663.20            19.0
663.21            29.0
663.22            33.0
663.23            25.0
663.24            21.0
663.25             6.0
663.26             0.0
663.27             0.0
663.28             7.0
663.29             8.0
663.29             3.0
663.30             7.0
663.31            12.0
663.32            15.0
663.33            22.0
663.34            15.0
663.35             4.0
663.36             8.0
663.37            33.0
663.38            43.0
663.39            35.0
663.40            28.0
663.41            30.0
663.42            24.0
663.42             7.0
663.43             0.0
663.44             0.0
663.45             0.0
663.46             6.0
663.47             4.0
663.48             4.0
663.49             7.0
663.50            23.0
663.51            17.0
663.52             7.0
663.53             1.0
663.54            15.0
663.54            26.0
663.55            22.0
663.56            10.0
663.57             5.0
663.58            10.0
663.59            16.0
663.60            24.0
663.61            27.0
663.62            13.0
663.63             0.0
663.64             5.0
663.65            14.0
663.66            13.0
663.67             8.0
663.67            10.0
663.68            13.0
663.69            21.0
663.70            27.0
663.71            26.0
663.72            20.0
663.73            20.0
663.74            27.0
663.75            22.0
663.76             8.0
663.77             0.0
663.78             0.0
663.79             0.0
663.79             4.0
663.80             0.0
663.81             1.0
663.82             8.0
663.83             9.0
663.84             3.0
663.85             1.0
663.86             7.0
663.87            17.0
663.88            34.0
663.89            37.0
663.90            24.0
663.91            10.0
663.92            10.0
663.92            16.0
663.93             9.0
663.94             7.0
663.95            16.0
663.96            15.0
663.97             2.0
663.98             0.0
663.99             3.0
664.00             5.0
664.01             3.0
664.02             0.0
664.03             0.0
664.04             3.0
664.04            18.0
664.05            17.0
664.06            13.0
664.07            15.0
664.08            15.0
664.09            13.0
664.10            12.0
664.11            18.0
664.12            25.0
664.13            19.0
664.14             7.0
664.15             0.0
664.16             0.0
664.17             3.0
664.17             6.0
664.18             4.0
664.19            13.0
664.20            15.0
664.21             7.0
664.22             0.0
664.23             0.0
664.24             0.0
664.25             0.0
664.26             3.0
664.27            13.0
664.28            24.0
664.29            16.0
664.29            11.0
664.30             5.0
664.31            12.0
664.32            23.0
664.33            27.0
664.34            20.0
664.35            15.0
664.36            14.0
664.37            20.0
664.38            24.0
664.39            20.0
664.40             9.0
664.41             4.0
664.42             0.0
664.42             0.0
664.43             0.0
664.44            16.0
664.45            19.0
664.46            12.0
664.47             3.0
664.48             9.0
664.49            11.0
664.50            18.0
664.51            19.0
664.52            14.0
664.53            19.0
664.54            28.0
664.54            18.0
664.55             6.0
664.56             9.0
664.57            29.0
664.58            30.0
664.59            22.0
664.60             8.0
664.61            11.0
664.62             6.0
664.63             4.0
664.64             8.0
664.65            11.0
664.66            11.0
664.67             3.0
664.67             0.0
664.68             0.0
664.69             0.0
664.70            12.0
664.71            23.0
664.72            24.0
664.73            20.0
664.74            19.0
664.75            10.0
664.76             0.0
664.77             0.0
664.78            15.0
664.79            24.0
664.79             9.0
664.80             1.0
664.81             0.0
664.82             0.0
664.83             0.0
664.84             6.0
664.85            19.0
664.86            16.0
664.87             4.0
664.88             0.0
664.89             0.0
664.90             2.0
664.91            15.0
664.92             7.0
664.92             3.0
664.93            12.0
664.94            16.0
664.95             8.0
664.96             8.0
664.97            19.0
664.98            22.0
664.99            15.0
665.00             8.0
665.01             4.0
665.02             5.0
665.03             3.0
665.04            11.0
665.04             9.0
665.05            17.0
665.06            22.0
665.07            21.0
665.08            12.0
665.09             7.0
665.10            10.0
665.11            11.0
665.12            13.0
665.13            16.0
665.14            10.0
665.15             0.0
665.16             0.0
665.17             2.0
665.17            15.0
665.18             5.0
665.19             5.0
665.20            10.0
665.21            14.0
665.22             8.0
665.23             0.0
665.24             0.0
665.25             0.0
665.26             0.0
665.27             7.0
665.28             2.0
665.29             0.0
665.29             0.0
665.30             0.0
665.31             0.0
665.32             0.0
665.33             5.0
665.34             6.0
665.35             0.0
665.36             0.0
665.37             0.0
665.38             0.0
665.39             0.0
665.40             7.0
665.41            18.0
665.42            23.0
665.42            17.0
665.43            14.0
665.44            10.0
665.45            10.0
665.46             0.0
665.47             0.0
665.48             0.0
665.49             0.0
665.50             1.0
665.51            12.0
665.52            18.0
665.53            24.0
665.54            13.0
665.54             3.0
665.55             0.0
665.56             0.0
665.57             0.0
665.58            11.0
665.59            28.0
665.60            29.0
665.61            19.0
665.62            12.0
665.63             6.0
665.64             7.0
665.65            10.0
665.66            14.0
665.67             6.0
665.67             3.0
665.68             7.0
665.69             7.0
665.70             2.0
665.71             0.0
665.72             0.0
665.73             0.0
665.74            14.0
665.75            23.0
665.76            13.0
665.77             2.0
665.78            17.0
665.79            30.0
665.79            26.0
665.80            23.0
665.81            36.0
665.82            25.0
665.83             1.0
665.84             0.0
665.85             0.0
665.86             0.0
665.87             0.0
665.88             0.0
665.89             6.0
665.90            11.0
665.91            13.0
665.92            13.0
665.92            11.0
665.93             3.0
665.94            10.0
665.95            16.0
665.96            24.0
665.97            23.0
665.98            16.0
665.99             3.0
666.00             0.0
666.01             5.0
666.02            17.0
666.03            17.0
666.04             6.0
666.04             1.0
666.05             9.0
666.06             9.0
666.07             8.0
666.08             7.0
666.09            12.0
666.10             5.0
666.11             3.0
666.12             0.0
666.13             4.0
666.14             6.0
666.15             3.0
666.16             0.0
666.17             0.0
666.17             0.0
666.18             2.0
666.19            10.0
666.20            12.0
666.21            13.0
666.22            11.0
666.23             8.0
666.24             5.0
666.25             1.0
666.26             0.0
666.27             0.0
666.28             3.0
666.29            14.0
666.29            18.0
666.30            12.0
666.31             7.0
666.32             9.0
666.33            11.0
666.34            20.0
666.35            24.0
666.36            11.0
666.37             2.0
666.38             3.0
666.39             1.0
666.40             0.0
666.41            14.0
666.42            26.0
666.42             5.0
666.43             0.0
666.44             0.0
666.45             5.0
666.46            18.0
666.47             3.0
666.48             0.0
666.49             0.0
666.50             9.0
666.51            12.0
666.52            11.0
666.53             5.0
666.54             7.0
666.54             2.0
666.55             0.0
666.56             0.0
666.57             0.0
666.58             2.0
666.59            11.0
666.60             6.0
666.61             0.0
666.62             0.0
666.63             0.0
666.64             1.0
666.65             6.0
666.66            16.0
666.67            10.0
666.67             0.0
666.68             0.0
666.69             4.0
666.70            11.0
666.71             5.0
666.72             0.0
666.73             2.0
666.74             4.0
666.75             0.0
666.76             0.0
666.77             0.0
666.78             0.0
666.79             5.0
666.79            17.0
666.80            17.0
666.81             6.0
666.82             2.0
666.83             0.0
666.84             0.0
666.85             0.0
666.86             6.0
666.87             4.0
666.88             0.0
666.89             0.0
666.90             7.0
666.91            16.0
666.92             8.0
666.92             0.0
666.93             0.0
666.94             0.0
666.95             0.0
666.96             0.0
666.97             5.0
666.98            12.0
666.99            12.0
667.00            12.0
667.01            15.0
667.02            11.0
667.03             4.0
667.04             0.0
667.04             0.0
667.05             3.0
667.06            13.0
667.07            11.0
667.08             0.0
667.09             0.0
667.10             0.0
667.11             4.0
667.12             0.0
667.13             0.0
667.14             2.0
667.15             5.0
667.16             4.0
667.17             8.0
667.17            11.0
667.18            23.0
667.19            32.0
667.20            30.0
667.21            20.0
667.22            18.0
667.23             8.0
667.24             2.0
667.25             0.0
667.26             8.0
667.27            13.0
667.28            24.0
667.29            21.0
667.29             8.0
667.30             0.0
667.31             0.0
667.32             0.0
667.33             3.0
667.34             8.0
667.35            17.0
667.36            20.0
667.37            17.0
667.38             7.0
667.39             3.0
667.40             5.0
667.41            14.0
667.42            11.0
667.42             0.0
667.43             0.0
667.44             0.0
667.45             3.0
667.46             2.0
667.47            11.0
667.48            10.0
667.49            10.0
667.50             6.0
667.51             0.0
667.52             0.0
667.53             0.0
667.54             0.0
667.54             0.0
667.55            10.0
667.56             5.0
667.57             0.0
667.58            11.0
667.59            10.0
667.60             4.0
667.61             1.0
667.62             3.0
667.63             7.0
667.64            16.0
667.65            27.0
667.66            19.0
667.67            11.0
667.67            12.0
667.68            23.0
667.69            30.0
667.70            25.0
667.71           260.0
667.72           260.0
