429.56            22.0
429.57             5.0
429.58             0.0
429.59             0.0
429.60            10.0
429.61            27.0
429.62            26.0
429.63            13.0
429.65             8.0
429.66             8.0
429.67             0.0
429.68             0.0
429.69             0.0
429.70             0.0
429.71             8.0
429.72            13.0
429.74            15.0
429.75             2.0
429.76            15.0
429.77            22.0
429.78            20.0
429.79             0.0
429.80             0.0
429.81             0.0
429.82             0.0
429.84             6.0
429.85            25.0
429.86            26.0
429.87            27.0
429.88            32.0
429.89            21.0
429.90             0.0
429.91             0.0
429.93             0.0
429.94            23.0
429.95            40.0
429.96            14.0
429.97             3.0
429.98             4.0
429.99            12.0
430.00            16.0
430.02            10.0
430.03             4.0
430.04             1.0
430.05             5.0
430.06             7.0
430.07             4.0
430.08             0.0
430.09             0.0
430.11             7.0
430.12            16.0
430.13            19.0
430.14            24.0
430.15            18.0
430.16             7.0
430.17             7.0
430.18            19.0
430.19            12.0
430.21             0.0
430.22             0.0
430.23             6.0
430.24             6.0
430.25            13.0
430.26            25.0
430.27            24.0
430.28             4.0
430.30             1.0
430.31             4.0
430.32             4.0
430.33             0.0
430.34             0.0
430.35             0.0
430.36             6.0
430.37             1.0
430.39             0.0
430.40             0.0
430.41             0.0
430.42             0.0
430.43             0.0
430.44             0.0
430.45             0.0
430.46             0.0
430.47             0.0
430.49             0.0
430.50            11.0
430.51            25.0
430.52            27.0
430.53             8.0
430.54             4.0
430.55            27.0
430.56            30.0
430.58             0.0
430.59             0.0
430.60             0.0
430.61             3.0
430.62             8.0
430.63            10.0
430.64             4.0
430.65             1.0
430.67             2.0
430.68             8.0
430.69             3.0
430.70             0.0
430.71             0.0
430.72             0.0
430.73             0.0
430.74             0.0
430.75             0.0
430.77             4.0
430.78             7.0
430.79             3.0
430.80             0.0
430.81             0.0
430.82             0.0
430.83             0.0
430.84             0.0
430.86             0.0
430.87             0.0
430.88             0.0
430.89             2.0
430.90             1.0
430.91             4.0
430.92            15.0
430.93            20.0
430.95             0.0
430.96             0.0
430.97             0.0
430.98             0.0
430.99             0.0
431.00             0.0
431.01             0.0
431.02             0.0
431.04            11.0
431.05            13.0
431.06             0.0
431.07             0.0
431.08             0.0
431.09             1.0
431.10            14.0
431.11            19.0
431.12            12.0
431.14            10.0
431.15            16.0
431.16            24.0
431.17            11.0
431.18             2.0
431.19             0.0
431.20            14.0
431.21            17.0
431.23            21.0
431.24            19.0
431.25            13.0
431.26             2.0
431.27             7.0
431.28             5.0
431.29             0.0
431.30             0.0
431.32             0.0
431.33             0.0
431.34             0.0
431.35             0.0
431.36             0.0
431.37             0.0
431.38             0.0
431.39             4.0
431.40             6.0
431.42             0.0
431.43             0.0
431.44             3.0
431.45             0.0
431.46             0.0
431.47             0.0
431.48             9.0
431.49            26.0
431.51            15.0
431.52             0.0
431.53             0.0
431.54             0.0
431.55             0.0
431.56             0.0
431.57             0.0
431.58             0.0
431.60             3.0
431.61             2.0
431.62             9.0
431.63             1.0
431.64             0.0
431.65             2.0
431.66             9.0
431.67             0.0
431.69             0.0
431.70             0.0
431.71            23.0
431.72            24.0
431.73            13.0
431.74             7.0
431.75            12.0
431.76            16.0
431.77            24.0
431.79            28.0
431.80            22.0
431.81             5.0
431.82             9.0
431.83             1.0
431.84             0.0
431.85             0.0
431.86             3.0
431.88             0.0
431.89             0.0
431.90             0.0
431.91             0.0
431.92             0.0
431.93             0.0
431.94             0.0
431.95             0.0
431.97             0.0
431.98             0.0
431.99             0.0
432.00             0.0
432.01             0.0
432.02             8.0
432.03            10.0
432.04             8.0
432.05            10.0
432.07            24.0
432.08            25.0
432.09            32.0
432.10            35.0
432.11            19.0
432.12             0.0
432.13             0.0
432.14             0.0
432.16             3.0
432.17             7.0
432.18            11.0
432.19             8.0
432.20             6.0
432.21             1.0
432.22            13.0
432.23            29.0
432.25            37.0
432.26            12.0
432.27             0.0
432.28             4.0
432.29             5.0
432.30             0.0
432.31             0.0
432.32             0.0
432.34             0.0
432.35             0.0
432.36             0.0
432.37             0.0
432.38            15.0
432.39            19.0
432.40            17.0
432.41            13.0
432.42             6.0
432.44             0.0
432.45             3.0
432.46             4.0
432.47             3.0
432.48            10.0
432.49            12.0
432.50             9.0
432.51             3.0
432.53             9.0
432.54             3.0
432.55             0.0
432.56             4.0
432.57            13.0
432.58            11.0
432.59             6.0
432.60             0.0
432.62             0.0
432.63             0.0
432.64             0.0
432.65             0.0
432.66             2.0
432.67             0.0
432.68             0.0
432.69             0.0
432.70             5.0
432.72            10.0
432.73             6.0
432.74             6.0
432.75             9.0
432.76            22.0
432.77            18.0
432.78             0.0
432.79             0.0
432.81             0.0
432.82             0.0
432.83             0.0
432.84            14.0
432.85            19.0
432.86            10.0
432.87             0.0
432.88             9.0
432.90            15.0
432.91            13.0
432.92            17.0
432.93            30.0
432.94            38.0
432.95            31.0
432.96            12.0
432.97             0.0
432.99             0.0
433.00             1.0
433.01            11.0
433.02             2.0
433.03             0.0
433.04             0.0
433.05             0.0
433.06             0.0
433.07             0.0
433.09             0.0
433.10             0.0
433.11             3.0
433.12             1.0
433.13             0.0
433.14             0.0
433.15             0.0
433.16             0.0
433.18             0.0
433.19            15.0
433.20            23.0
433.21            13.0
433.22             5.0
433.23            13.0
433.24            19.0
433.25            17.0
433.27            15.0
433.28            19.0
433.29            17.0
433.30            14.0
433.31             8.0
433.32             5.0
433.33             4.0
433.34             4.0
433.35             7.0
433.37             4.0
433.38             8.0
433.39            11.0
433.40            13.0
433.41             0.0
433.42             0.0
433.43             1.0
433.44             3.0
433.46             0.0
433.47             0.0
433.48             0.0
433.49             0.0
433.50            12.0
433.51            20.0
433.52            18.0
433.53             0.0
433.55             0.0
433.56             0.0
433.57            11.0
433.58             0.0
433.59             0.0
433.60             0.0
433.61             0.0
433.62             0.0
433.64            28.0
433.65            44.0
433.66            24.0
433.67             0.0
433.68             0.0
433.69             0.0
433.70             8.0
433.71            16.0
433.72            10.0
433.74             0.0
433.75             0.0
433.76             0.0
433.77             0.0
433.78             0.0
433.79             8.0
433.80            18.0
433.81             4.0
433.83             0.0
433.84             0.0
433.85             0.0
433.86             0.0
433.87             0.0
433.88             0.0
433.89             2.0
433.90            11.0
433.92            17.0
433.93            15.0
433.94             1.0
433.95             0.0
433.96             1.0
433.97             8.0
433.98            18.0
433.99             7.0
434.00             4.0
434.02            19.0
434.03            37.0
434.04            34.0
434.05            27.0
434.06            28.0
434.07            13.0
434.08             0.0
434.09             0.0
434.11             0.0
434.12             0.0
434.13             0.0
434.14             0.0
434.15             0.0
434.16             7.0
434.17             0.0
434.18             0.0
434.20             0.0
434.21             0.0
434.22             0.0
434.23             0.0
434.24             0.0
434.25             0.0
434.26             0.0
434.27             0.0
434.29             5.0
434.30            12.0
434.31             2.0
434.32             0.0
434.33             0.0
434.34             1.0
434.35             0.0
434.36             2.0
434.37            27.0
434.39            37.0
434.40            35.0
434.41            14.0
434.42             6.0
434.43            10.0
434.44            22.0
434.45             8.0
434.46             0.0
434.48             0.0
434.49             0.0
434.50             0.0
434.51             0.0
434.52            14.0
434.53            29.0
434.54            32.0
434.55            13.0
434.57             0.0
434.58             9.0
434.59            22.0
434.60            11.0
434.61             0.0
434.62             0.0
434.63             8.0
434.64            10.0
434.65            11.0
434.67            11.0
434.68            12.0
434.69            33.0
434.70            44.0
434.71            30.0
434.72            11.0
434.73             1.0
434.74             0.0
434.76             0.0
434.77             5.0
434.78            25.0
434.79            19.0
434.80             0.0
434.81             0.0
434.82             0.0
434.83            13.0
434.85            28.0
434.86            28.0
434.87            22.0
434.88            20.0
434.89            17.0
434.90            14.0
434.91            11.0
434.92            10.0
434.93             2.0
434.95             0.0
434.96             4.0
434.97             9.0
434.98             4.0
434.99             0.0
435.00             8.0
435.01            24.0
435.02            28.0
435.04             9.0
435.05             0.0
435.06             0.0
435.07             0.0
435.08             1.0
435.09             3.0
435.10            10.0
435.11             1.0
435.13            10.0
435.14            24.0
435.15            36.0
435.16            30.0
435.17            22.0
435.18            13.0
435.19             5.0
435.20             7.0
435.22             3.0
435.23             0.0
435.24             0.0
435.25             0.0
435.26             0.0
435.27             1.0
435.28            10.0
435.29            15.0
435.30            26.0
435.32            23.0
435.33            12.0
435.34            14.0
435.35            22.0
435.36             3.0
435.37             0.0
435.38             7.0
435.39            32.0
435.41            31.0
435.42            21.0
435.43            16.0
435.44             1.0
435.45             0.0
435.46             1.0
435.47             8.0
435.48             5.0
435.50             0.0
435.51             0.0
435.52             0.0
435.53             0.0
435.54            13.0
435.55            20.0
435.56            14.0
435.57             7.0
435.58            12.0
435.60            14.0
435.61            13.0
435.62            16.0
435.63            21.0
435.64            22.0
435.65            28.0
435.66            30.0
435.67            27.0
435.69             7.0
435.70             1.0
435.71            18.0
435.72            36.0
435.73            34.0
435.74            18.0
435.75             0.0
435.76             0.0
435.78             0.0
435.79             5.0
435.80             6.0
435.81             2.0
435.82             0.0
435.83             0.0
435.84             2.0
435.85            11.0
435.87             0.0
435.88             0.0
435.89            16.0
435.90            11.0
435.91             0.0
435.92             2.0
435.93            12.0
435.94            12.0
435.95            11.0
435.97            26.0
435.98            37.0
435.99            26.0
436.00             0.0
436.01             0.0
436.02             0.0
436.03             5.0
436.04             8.0
436.06             7.0
436.07             7.0
436.08            16.0
436.09            25.0
436.10            27.0
436.11            18.0
436.12             8.0
436.13             1.0
436.15             0.0
436.16             0.0
436.17             0.0
436.18             0.0
436.19             7.0
436.20            16.0
436.21            13.0
436.22            15.0
436.23             7.0
436.25             8.0
436.26             9.0
436.27            10.0
436.28             9.0
436.29             6.0
436.30            11.0
436.31            16.0
436.32            16.0
436.34            20.0
436.35            20.0
436.36             9.0
436.37             0.0
436.38             4.0
436.39            21.0
436.40            15.0
436.41             0.0
436.43             5.0
436.44            23.0
436.45            18.0
436.46             0.0
436.47             0.0
436.48             0.0
436.49            23.0
436.50            31.0
436.52            22.0
436.53            22.0
436.54            17.0
436.55            12.0
436.56             0.0
436.57             0.0
436.58             0.0
436.59            20.0
436.60            28.0
436.62            26.0
436.63            13.0
436.64             1.0
436.65             0.0
436.66             0.0
436.67             3.0
436.68            12.0
436.69             3.0
436.71             0.0
436.72             0.0
436.73             0.0
436.74            12.0
436.75            18.0
436.76             7.0
436.77             0.0
436.78             8.0
436.80            12.0
436.81            10.0
436.82            14.0
436.83            15.0
436.84             8.0
436.85             0.0
436.86             0.0
436.87             6.0
436.88            22.0
436.90            31.0
436.91            12.0
436.92             0.0
436.93             0.0
436.94             9.0
436.95            13.0
436.96            11.0
436.97             3.0
436.99             9.0
437.00            11.0
437.01             5.0
437.02             2.0
437.03             0.0
437.04             0.0
437.05             0.0
437.06             0.0
437.08             3.0
437.09             9.0
437.10            24.0
437.11            27.0
437.12            15.0
437.13             0.0
437.14             0.0
437.15             0.0
437.17             0.0
437.18             8.0
437.19             6.0
437.20             7.0
437.21             0.0
437.22             0.0
437.23             1.0
437.24             6.0
437.25             2.0
437.27             3.0
437.28             0.0
437.29             0.0
437.30             0.0
437.31             0.0
437.32             0.0
437.33             0.0
437.34             0.0
437.36             0.0
437.37             0.0
437.38             0.0
437.39             4.0
437.40             0.0
437.41             0.0
437.42             0.0
437.43            13.0
437.45            24.0
437.46            19.0
437.47             9.0
437.48             9.0
437.49             6.0
437.50             0.0
437.51             3.0
437.52            18.0
437.53            23.0
437.55             8.0
437.56             1.0
437.57            12.0
437.58            26.0
437.59            19.0
437.60             0.0
437.61             0.0
437.62             0.0
437.64             0.0
437.65             0.0
437.66             9.0
437.67             3.0
437.68             0.0
437.69             0.0
437.70             9.0
437.71            18.0
437.73            10.0
437.74             0.0
437.75             0.0
437.76             0.0
437.77             6.0
437.78            19.0
437.79            14.0
437.80             0.0
437.82             0.0
437.83             0.0
437.84            18.0
437.85            16.0
437.86             7.0
437.87             7.0
437.88            15.0
437.89            21.0
437.90            15.0
437.92             0.0
437.93             0.0
437.94             0.0
437.95             0.0
437.96            10.0
437.97            24.0
437.98            19.0
437.99             1.0
438.01             0.0
438.02             0.0
438.03             9.0
438.04            22.0
438.05            23.0
438.06             6.0
438.07             0.0
438.08             0.0
438.10             0.0
438.11             6.0
438.12            23.0
438.13            21.0
438.14            12.0
438.15             0.0
438.16             0.0
438.17             0.0
438.18             0.0
438.20             0.0
438.21             0.0
438.22             0.0
438.23             0.0
438.24             0.0
438.25             0.0
438.26             0.0
438.27             6.0
438.29            12.0
438.30             9.0
438.31             0.0
438.32             0.0
438.33             0.0
438.34             0.0
438.35             0.0
438.36             1.0
438.38            18.0
438.39            24.0
438.40             7.0
438.41             0.0
438.42             0.0
438.43            10.0
438.44             5.0
438.45            10.0
438.47            13.0
438.48            13.0
438.49             3.0
438.50             0.0
438.51             0.0
438.52             0.0
438.53             0.0
438.54             0.0
438.55             0.0
438.57             0.0
438.58             0.0
438.59             4.0
438.60            15.0
438.61            13.0
438.62             9.0
438.63            18.0
438.64            18.0
438.66            10.0
438.67            11.0
438.68            29.0
438.69            59.0
438.70            93.0
438.71           124.0
438.72           145.0
438.73           184.0
438.75           242.0
438.76           316.0
438.77           380.0
438.78           431.0
438.79           447.0
438.80           419.0
438.81           337.0
438.82           225.0
438.83           129.0
438.85            70.0
438.86            37.0
438.87            11.0
438.88             0.0
438.89             3.0
438.90            12.0
438.91             9.0
438.92             0.0
438.94             0.0
438.95            14.0
438.96            17.0
438.97             7.0
438.98             6.0
438.99            14.0
439.00            15.0
439.01            10.0
439.03            25.0
439.04            31.0
439.05            14.0
439.06             0.0
439.07             0.0
439.08             5.0
439.09            11.0
439.10             9.0
439.11             2.0
439.13             3.0
439.14            10.0
439.15            15.0
439.16             0.0
439.17             0.0
439.18             0.0
439.19             0.0
439.20            10.0
439.22             9.0
439.23             7.0
439.24             3.0
439.25             8.0
439.26            10.0
439.27            13.0
439.28            10.0
439.29             0.0
439.31             0.0
439.32             2.0
439.33             8.0
439.34            13.0
439.35            13.0
439.36             1.0
439.37             0.0
439.38             0.0
439.40             0.0
439.41             0.0
439.42             0.0
439.43             0.0
439.44            10.0
439.45            14.0
439.46             0.0
439.47             0.0
439.48             0.0
439.50             0.0
439.51            10.0
439.52            17.0
439.53            15.0
439.54            15.0
439.55             2.0
439.56             0.0
439.57             0.0
439.59             0.0
439.60             5.0
439.61            13.0
439.62             9.0
439.63             4.0
439.64             3.0
439.65             6.0
439.66             0.0
439.68             0.0
439.69             3.0
439.70             9.0
439.71             2.0
439.72             0.0
439.73             0.0
439.74             3.0
439.75            14.0
439.76             5.0
439.78             0.0
439.79             6.0
439.80             8.0
439.81             8.0
439.82             1.0
439.83             0.0
439.84             0.0
439.85             0.0
439.87             0.0
439.88             0.0
439.89             0.0
439.90             3.0
439.91             6.0
439.92             1.0
439.93             0.0
439.94             0.0
439.96             0.0
439.97             0.0
439.98             0.0
439.99             0.0
440.00            12.0
440.01            12.0
440.02             0.0
440.03             0.0
440.05             0.0
440.06            15.0
440.07             8.0
440.08             8.0
440.09             0.0
440.10             0.0
440.11             0.0
440.12             0.0
440.13             0.0
440.15             5.0
440.16            14.0
440.17            15.0
440.18            18.0
440.19             6.0
440.20             0.0
440.21             0.0
440.22             0.0
440.24             0.0
440.25             0.0
440.26             0.0
440.27             0.0
440.28             1.0
440.29             6.0
440.30             5.0
440.31             8.0
440.33            15.0
440.34            23.0
440.35            30.0
440.36            25.0
440.37             5.0
440.38             0.0
440.39             0.0
440.40             0.0
440.41             0.0
440.43             0.0
440.44             7.0
440.45            12.0
440.46            12.0
440.47            19.0
440.48            19.0
440.49            12.0
440.50             9.0
440.52            11.0
440.53             9.0
440.54            15.0
440.55            16.0
440.56            10.0
440.57             5.0
440.58             8.0
440.59             5.0
440.61             4.0
440.62             0.0
440.63             6.0
440.64            22.0
440.65            30.0
440.66            18.0
440.67             2.0
440.68             6.0
440.70            20.0
440.71            28.0
440.72            36.0
440.73            43.0
440.74            32.0
440.75             0.0
440.76             0.0
440.77             3.0
440.78            15.0
440.80            21.0
440.81            17.0
440.82            11.0
440.83             5.0
440.84             7.0
440.85             7.0
440.86             7.0
440.87             3.0
440.89             0.0
440.90             0.0
440.91             0.0
440.92             4.0
440.93             5.0
440.94             0.0
440.95             5.0
440.96            15.0
440.98            20.0
440.99            17.0
441.00            18.0
441.01            26.0
441.02            31.0
441.03            21.0
441.04             5.0
441.05             0.0
441.06             1.0
441.08             0.0
441.09             0.0
441.10             0.0
441.11             1.0
441.12             0.0
441.13             0.0
441.14             0.0
441.15             0.0
441.17             0.0
441.18             0.0
441.19             2.0
441.20             9.0
441.21            16.0
441.22            18.0
441.23            26.0
441.24            32.0
441.26            17.0
441.27             8.0
441.28             0.0
441.29             0.0
441.30             0.0
441.31            11.0
441.32             9.0
441.33             0.0
441.35             0.0
441.36             0.0
441.37             0.0
441.38             7.0
441.39             3.0
441.40             0.0
441.41             0.0
441.42             0.0
441.43             0.0
441.45             9.0
441.46            17.0
441.47            13.0
441.48            13.0
441.49             5.0
441.50             2.0
441.51             0.0
441.52            13.0
441.54            19.0
441.55            21.0
441.56            10.0
441.57             9.0
441.58             0.0
441.59             0.0
441.60             0.0
441.61             0.0
441.63             0.0
441.64             0.0
441.65             0.0
441.66             0.0
441.67             0.0
441.68             0.0
441.69             4.0
441.70            18.0
441.71            24.0
441.73            21.0
441.74             1.0
441.75             0.0
441.76             0.0
441.77             0.0
441.78             0.0
441.79             0.0
441.80             0.0
441.82             0.0
441.83            21.0
441.84            39.0
441.85            28.0
441.86             9.0
441.87             3.0
441.88             7.0
441.89             6.0
441.91             7.0
441.92            12.0
441.93            21.0
441.94            28.0
441.95            31.0
441.96            21.0
441.97            25.0
441.98            32.0
442.00            27.0
442.01            17.0
442.02            11.0
442.03             5.0
442.04             0.0
442.05             5.0
442.06            13.0
442.07            13.0
442.08             6.0
442.10             5.0
442.11             0.0
442.12             0.0
442.13             6.0
442.14            23.0
442.15            24.0
442.16            20.0
442.17            16.0
442.19             4.0
442.20             0.0
442.21             0.0
442.22             0.0
442.23             0.0
442.24             0.0
442.25             0.0
442.26             0.0
442.28             0.0
442.29             0.0
442.30             0.0
442.31             0.0
442.32             0.0
442.33             0.0
442.34             0.0
442.35             0.0
442.36             0.0
442.38             0.0
442.39            14.0
442.40            18.0
442.41            11.0
442.42             9.0
442.43             6.0
442.44             5.0
442.45             0.0
442.47             0.0
442.48             0.0
442.49            11.0
442.50            13.0
442.51             1.0
442.52             0.0
442.53             0.0
442.54             0.0
442.56             0.0
442.57             0.0
442.58             0.0
442.59            10.0
442.60             8.0
442.61             1.0
442.62             2.0
442.63             6.0
442.65             8.0
442.66            14.0
442.67            25.0
442.68            29.0
442.69            24.0
442.70             9.0
442.71             0.0
442.72             0.0
442.73             0.0
442.75             2.0
442.76            14.0
442.77            10.0
442.78            13.0
442.79             6.0
442.80             0.0
442.81             0.0
442.82             0.0
442.84             0.0
442.85             0.0
442.86             0.0
442.87             0.0
442.88             0.0
442.89             0.0
442.90             0.0
442.91             0.0
442.93             0.0
442.94             0.0
442.95             0.0
442.96             2.0
442.97            12.0
442.98            21.0
442.99            18.0
443.00            10.0
443.01             7.0
443.03            11.0
443.04             4.0
443.05             0.0
443.06             4.0
443.07            12.0
443.08            11.0
443.09             1.0
443.10             0.0
443.12             5.0
443.13            17.0
443.14            19.0
443.15            20.0
443.16            18.0
443.17            21.0
443.18            21.0
443.19            14.0
443.21             3.0
443.22            10.0
443.23            18.0
443.24            23.0
443.25            18.0
443.26            11.0
443.27             3.0
443.28             0.0
443.29             0.0
443.31             0.0
443.32             0.0
443.33             0.0
443.34             1.0
443.35             0.0
443.36             0.0
443.37             0.0
443.38             0.0
443.40             0.0
443.41             0.0
443.42             0.0
443.43             0.0
443.44             0.0
443.45             0.0
443.46             0.0
443.47             3.0
443.49            10.0
443.50             4.0
443.51             5.0
443.52             7.0
443.53             1.0
443.54             2.0
443.55            14.0
443.56            19.0
443.58            11.0
443.59             7.0
443.60             5.0
443.61             8.0
443.62            24.0
443.63            36.0
443.64            33.0
443.65            20.0
443.66             4.0
443.68            14.0
443.69            56.0
443.70           110.0
443.71           146.0
443.72           166.0
443.73           178.0
443.74           156.0
443.75           109.0
443.77            53.0
443.78            16.0
443.79             0.0
443.80             0.0
443.81             0.0
443.82             0.0
443.83             5.0
443.84            19.0
443.86            31.0
443.87            39.0
443.88            41.0
443.89            14.0
443.90             0.0
443.91             0.0
443.92             0.0
443.93             2.0
443.94            16.0
443.96            28.0
443.97            28.0
443.98            33.0
443.99            20.0
444.00             7.0
444.01             0.0
444.02             0.0
444.03             0.0
444.05             0.0
444.06             8.0
444.07             0.0
444.08             0.0
444.09             0.0
444.10            18.0
444.11            16.0
444.12             4.0
444.14             0.0
444.15             0.0
444.16             8.0
444.17            13.0
444.18             2.0
444.19             1.0
444.20             7.0
444.21            20.0
444.23            18.0
444.24            25.0
444.25            29.0
444.26            38.0
444.27            26.0
444.28            16.0
444.29            12.0
444.30            11.0
444.31             6.0
444.33            11.0
444.34            16.0
444.35            11.0
444.36             2.0
444.37             3.0
444.38            14.0
444.39            21.0
444.40            20.0
444.42            15.0
444.43            31.0
444.44            33.0
444.45            33.0
444.46             9.0
444.47             1.0
444.48             1.0
444.49             0.0
444.51             0.0
444.52             0.0
444.53             0.0
444.54             3.0
444.55             6.0
444.56             4.0
444.57             0.0
444.58             0.0
444.59             4.0
444.61             9.0
444.62            13.0
444.63             2.0
444.64             1.0
444.65             1.0
444.66             9.0
444.67            10.0
444.68             3.0
444.70             3.0
444.71            14.0
444.72            20.0
444.73            18.0
444.74            33.0
444.75            33.0
444.76            27.0
444.77            18.0
444.79            17.0
444.80            12.0
444.81             6.0
444.82             3.0
444.83             9.0
444.84            14.0
444.85             2.0
444.86             0.0
444.88             1.0
444.89            22.0
444.90            30.0
444.91            21.0
444.92             0.0
444.93             0.0
444.94             0.0
444.95             0.0
444.96             0.0
444.98             0.0
444.99             3.0
445.00             0.0
445.01             0.0
445.02             0.0
445.03            13.0
445.04             2.0
445.05             0.0
445.07             0.0
445.08             4.0
445.09            10.0
445.10            13.0
445.11             9.0
445.12             5.0
445.13             3.0
445.14             0.0
445.16             0.0
445.17             0.0
445.18             0.0
445.19             3.0
445.20            10.0
445.21             9.0
445.22            10.0
445.23            13.0
445.24            24.0
445.26            12.0
445.27             1.0
445.28             0.0
445.29             0.0
445.30             0.0
445.31             0.0
445.32             0.0
445.33             0.0
445.35             0.0
445.36             0.0
445.37             0.0
445.38             0.0
445.39            17.0
445.40            20.0
445.41            15.0
445.42            22.0
445.44            17.0
445.45             7.0
445.46             8.0
445.47            14.0
445.48            10.0
445.49             7.0
445.50             7.0
445.51             8.0
445.53            20.0
445.54            20.0
445.55             6.0
445.56             1.0
445.57            17.0
445.58            10.0
445.59             0.0
445.60             0.0
445.61             7.0
445.63            11.0
445.64             1.0
445.65             0.0
445.66             3.0
445.67             0.0
445.68             0.0
445.69             2.0
445.70            13.0
445.72            13.0
445.73             6.0
445.74            11.0
445.75            33.0
445.76            33.0
445.77            11.0
445.78             0.0
445.79             0.0
445.81             0.0
445.82             6.0
445.83             2.0
445.84             5.0
445.85            14.0
445.86            19.0
445.87            23.0
445.88            21.0
445.89            15.0
445.91             5.0
445.92            15.0
445.93            14.0
445.94             4.0
445.95             0.0
445.96             6.0
445.97            15.0
445.98             3.0
446.00             0.0
446.01             0.0
446.02             0.0
446.03            12.0
446.04            12.0
446.05             8.0
446.06             2.0
446.07             1.0
446.09             4.0
446.10             4.0
446.11             1.0
446.12            15.0
446.13            31.0
446.14            16.0
446.15             0.0
446.16             0.0
446.18            24.0
446.19            38.0
446.20            44.0
446.21            30.0
446.22             2.0
446.23             0.0
446.24             3.0
446.25             9.0
446.26             3.0
446.28             2.0
446.29            11.0
446.30            10.0
446.31             1.0
446.32             0.0
446.33             8.0
446.34            32.0
446.35            37.0
446.37            33.0
446.38            20.0
446.39             4.0
446.40             0.0
446.41             0.0
446.42            12.0
446.43            10.0
446.44             3.0
446.46            16.0
446.47            24.0
446.48            16.0
446.49             4.0
446.50             6.0
446.51             0.0
446.52             0.0
446.53             0.0
446.54             9.0
446.56            23.0
446.57            25.0
446.58            23.0
446.59            24.0
446.60            28.0
446.61            16.0
446.62             0.0
446.63             0.0
446.65             0.0
446.66            13.0
446.67            10.0
446.68             6.0
446.69            10.0
446.70             9.0
446.71             4.0
446.72             9.0
446.74            16.0
446.75            20.0
446.76            30.0
446.77            28.0
446.78            15.0
446.79             3.0
446.80            20.0
446.81            31.0
446.83            43.0
446.84            42.0
446.85            38.0
446.86            28.0
446.87            30.0
446.88            23.0
446.89            14.0
446.90            14.0
446.91            18.0
446.93            23.0
446.94            30.0
446.95            49.0
446.96            75.0
446.97            97.0
446.98           109.0
446.99           138.0
447.00           178.0
447.02           239.0
447.03           301.0
447.04           418.0
447.05           690.0
447.06           1240.0
447.07           2227.0
447.08           3213.0
447.09           3761.0
447.11           3774.0
447.12           3743.0
447.13           3732.0
447.14           3763.0
447.15           3813.0
447.16           3250.0
447.17           2071.0
447.18           886.0
447.19           368.0
447.21           189.0
447.22           124.0
447.23            98.0
447.24            78.0
447.25            63.0
447.26            56.0
447.27            67.0
447.28            95.0
447.30           112.0
447.31            97.0
447.32            63.0
447.33            40.0
447.34            39.0
447.35            44.0
447.36            44.0
447.37            52.0
447.39            50.0
447.40            44.0
447.41            34.0
447.42            28.0
447.43             7.0
447.44             7.0
447.45            18.0
447.46            18.0
447.47             0.0
447.49            10.0
447.50            21.0
447.51            29.0
447.52            16.0
447.53            16.0
447.54            18.0
447.55            17.0
447.56            12.0
447.58            17.0
447.59            29.0
447.60            29.0
447.61            27.0
447.62            10.0
447.63             0.0
447.64             0.0
447.65            12.0
447.67            25.0
447.68            24.0
447.69            13.0
447.70            13.0
447.71            23.0
447.72            22.0
447.73            19.0
447.74             5.0
447.76             6.0
447.77             1.0
447.78             0.0
447.79             0.0
447.80             4.0
447.81            19.0
447.82            28.0
447.83            35.0
447.84            30.0
447.86            17.0
447.87             0.0
447.88             4.0
447.89            19.0
447.90            28.0
447.91            13.0
447.92             0.0
447.93             0.0
447.95             0.0
447.96             6.0
447.97            17.0
447.98            29.0
447.99            28.0
448.00             5.0
448.01             0.0
448.02             0.0
448.04             6.0
448.05            11.0
448.06             8.0
448.07             1.0
448.08             0.0
448.09             0.0
448.10             0.0
448.11             1.0
448.12             2.0
448.14             3.0
448.15            19.0
448.16            26.0
448.17            18.0
448.18             9.0
448.19            17.0
448.20            18.0
448.21            14.0
448.23            10.0
448.24            21.0
448.25            19.0
448.26            11.0
448.27            15.0
448.28            20.0
448.29             7.0
448.30             0.0
448.32             0.0
448.33             7.0
448.34            12.0
448.35             6.0
448.36             2.0
448.37             3.0
448.38             7.0
448.39            11.0
448.41            10.0
448.42             2.0
448.43             0.0
448.44            10.0
448.45            19.0
448.46            11.0
448.47             0.0
448.48             0.0
448.49             5.0
448.51             3.0
448.52             0.0
448.53             0.0
448.54             4.0
448.55            18.0
448.56             9.0
448.57             5.0
448.58             9.0
448.60             4.0
448.61             0.0
448.62             0.0
448.63             0.0
448.64             0.0
448.65             0.0
448.66             7.0
448.67             7.0
448.69             0.0
448.70             0.0
448.71             0.0
448.72             0.0
448.73             0.0
448.74            19.0
448.75            23.0
448.76            23.0
448.77            22.0
448.79            11.0
448.80            10.0
448.81            19.0
448.82            24.0
448.83             9.0
448.84             2.0
448.85             0.0
448.86             3.0
448.88             9.0
448.89             5.0
448.90             0.0
448.91             0.0
448.92             0.0
448.93             0.0
448.94             6.0
448.95            14.0
448.97            18.0
448.98            18.0
448.99             4.0
449.00             0.0
449.01             0.0
449.02             0.0
449.03             0.0
449.04             6.0
449.06            12.0
449.07             6.0
449.08             0.0
449.09             0.0
449.10             0.0
449.11             0.0
449.12             0.0
449.13             6.0
449.14            17.0
449.16             8.0
449.17             0.0
449.18             0.0
449.19             0.0
449.20             0.0
449.21             0.0
449.22             0.0
449.23             5.0
449.25             0.0
449.26             0.0
449.27             0.0
449.28            23.0
449.29            38.0
449.30            37.0
449.31            27.0
449.32            23.0
449.34             8.0
449.35             0.0
449.36             0.0
449.37             4.0
449.38             1.0
449.39             0.0
449.40             0.0
449.41             0.0
449.42             0.0
449.44             0.0
449.45             0.0
449.46             1.0
449.47            21.0
449.48            30.0
449.49            14.0
449.50             0.0
449.51             0.0
449.53             2.0
449.54             9.0
449.55            11.0
449.56             6.0
449.57             0.0
449.58             0.0
449.59             0.0
449.60             0.0
449.62             0.0
449.63             0.0
449.64             0.0
449.65             0.0
449.66             0.0
449.67             0.0
449.68             5.0
449.69             0.0
449.71             0.0
449.72             0.0
449.73             5.0
449.74            14.0
449.75             7.0
449.76             5.0
449.77             6.0
449.78             0.0
449.79             0.0
449.81             0.0
449.82             0.0
449.83             0.0
449.84             3.0
449.85             7.0
449.86             5.0
449.87             0.0
449.88             0.0
449.90             0.0
449.91             0.0
449.92             0.0
449.93            11.0
449.94            23.0
449.95            12.0
449.96             0.0
449.97             0.0
449.99             0.0
450.00             0.0
450.01             0.0
450.02             0.0
450.03             4.0
450.04             4.0
450.05             0.0
450.06             0.0
450.07             3.0
450.09            24.0
450.10            27.0
450.11             4.0
450.12             0.0
450.13             0.0
450.14             0.0
450.15            17.0
450.16            26.0
450.18            15.0
450.19             5.0
450.20             0.0
450.21             0.0
450.22             0.0
450.23             4.0
450.24             7.0
450.25             6.0
450.27             0.0
450.28             0.0
450.29             0.0
450.30             3.0
450.31             6.0
450.32             6.0
450.33             1.0
450.34             0.0
450.36             0.0
450.37             0.0
450.38             1.0
450.39             0.0
450.40             0.0
450.41             0.0
450.42             4.0
450.43            10.0
450.44            11.0
450.46            14.0
450.47            17.0
450.48            12.0
450.49             7.0
450.50            11.0
450.51            15.0
450.52            24.0
450.53            14.0
450.55             7.0
450.56             6.0
450.57            13.0
450.58             6.0
450.59            10.0
450.60            13.0
450.61             8.0
450.62            11.0
450.64            25.0
450.65            23.0
450.66            11.0
450.67            11.0
450.68            11.0
450.69            17.0
450.70            18.0
450.71            33.0
450.72            31.0
450.74            24.0
450.75             7.0
450.76             2.0
450.77             9.0
450.78            17.0
450.79            24.0
450.80            15.0
450.81             9.0
450.83            17.0
450.84            15.0
450.85             1.0
450.86             0.0
450.87             0.0
450.88             0.0
450.89             0.0
450.90            15.0
450.92            28.0
450.93            32.0
450.94            23.0
450.95            11.0
450.96             5.0
450.97            12.0
450.98             1.0
450.99             0.0
451.01             0.0
451.02            15.0
451.03            30.0
451.04            33.0
451.05            26.0
451.06            25.0
451.07            36.0
451.08            28.0
451.09             9.0
451.11             4.0
451.12            13.0
451.13            13.0
451.14            18.0
451.15            28.0
451.16            13.0
451.17             0.0
451.18             0.0
451.20             0.0
451.21            10.0
451.22             2.0
451.23             5.0
451.24             5.0
451.25            14.0
451.26            13.0
451.27             5.0
451.29             0.0
451.30             0.0
451.31             0.0
451.32             0.0
451.33             0.0
451.34             3.0
451.35             7.0
451.36             5.0
451.37             0.0
451.39             0.0
451.40             0.0
451.41             5.0
451.42             5.0
451.43             1.0
451.44             0.0
451.45             0.0
451.46             0.0
451.48             5.0
451.49            11.0
451.50            13.0
451.51            15.0
451.52            13.0
451.53             7.0
451.54             0.0
451.55             0.0
451.57             0.0
451.58             0.0
451.59             3.0
451.60            15.0
451.61            26.0
451.62            20.0
451.63             6.0
451.64             0.0
451.65             0.0
451.67             1.0
451.68            19.0
451.69            15.0
451.70             0.0
451.71             0.0
451.72             6.0
451.73             4.0
451.74             0.0
451.76             0.0
451.77             0.0
451.78             0.0
451.79             9.0
451.80            16.0
451.81            18.0
451.82            10.0
451.83            14.0
451.85            20.0
451.86            20.0
451.87            20.0
451.88            14.0
451.89             1.0
451.90             0.0
451.91            12.0
451.92            19.0
451.94            14.0
451.95            14.0
451.96             2.0
451.97             3.0
451.98             6.0
451.99             8.0
452.00             0.0
452.01             5.0
452.02            10.0
452.04            11.0
452.05             2.0
452.06             0.0
452.07             0.0
452.08             0.0
452.09             0.0
452.10             0.0
452.11             0.0
452.13             0.0
452.14             0.0
452.15             0.0
452.16             0.0
452.17             0.0
452.18             0.0
452.19            13.0
452.20            16.0
452.22            17.0
452.23            14.0
452.24            17.0
452.25            11.0
452.26             3.0
452.27             0.0
452.28             0.0
452.29             0.0
452.30             0.0
452.32             0.0
452.33             7.0
452.34            15.0
452.35             8.0
452.36             1.0
452.37             3.0
452.38            11.0
452.39            18.0
452.41            16.0
452.42            13.0
452.43            16.0
452.44            27.0
452.45            32.0
452.46            38.0
452.47            30.0
452.48            25.0
452.50           384.0
452.51           384.0
