482.05             0.0
482.06             0.0
482.07             0.0
482.08             0.0
482.09             0.0
482.10             0.0
482.11             0.0
482.12            18.0
482.13            21.0
482.14            23.0
482.15            13.0
482.17            31.0
482.18            45.0
482.19            42.0
482.20            27.0
482.21            21.0
482.22            20.0
482.23             4.0
482.24             0.0
482.25             0.0
482.26             0.0
482.27             0.0
482.29             0.0
482.30             0.0
482.31             2.0
482.32             4.0
482.33             0.0
482.34             0.0
482.35             4.0
482.36            16.0
482.37             6.0
482.38             0.0
482.40             4.0
482.41            11.0
482.42            23.0
482.43            10.0
482.44             0.0
482.45             0.0
482.46            33.0
482.47            45.0
482.48            39.0
482.49            39.0
482.50            32.0
482.52             6.0
482.53             0.0
482.54             0.0
482.55             0.0
482.56             0.0
482.57            14.0
482.58            13.0
482.59             9.0
482.60             3.0
482.61             4.0
482.62             6.0
482.64            17.0
482.65            17.0
482.66             4.0
482.67             0.0
482.68             0.0
482.69             0.0
482.70             5.0
482.71            14.0
482.72            15.0
482.73            20.0
482.74            12.0
482.76             0.0
482.77             0.0
482.78             8.0
482.79            14.0
482.80            11.0
482.81            26.0
482.82            30.0
482.83            20.0
482.84             3.0
482.85            18.0
482.86            39.0
482.88            35.0
482.89            11.0
482.90             0.0
482.91             0.0
482.92             0.0
482.93             0.0
482.94             0.0
482.95             0.0
482.96             0.0
482.97             0.0
482.98            16.0
483.00            19.0
483.01             4.0
483.02             0.0
483.03            17.0
483.04            37.0
483.05            37.0
483.06            21.0
483.07            17.0
483.08            11.0
483.09             1.0
483.10             6.0
483.12             8.0
483.13             0.0
483.14             0.0
483.15            16.0
483.16            26.0
483.17            23.0
483.18            16.0
483.19             0.0
483.20             0.0
483.21             0.0
483.22             0.0
483.24             4.0
483.25            16.0
483.26            18.0
483.27            16.0
483.28            19.0
483.29            11.0
483.30             1.0
483.31             2.0
483.32             0.0
483.33             1.0
483.35             6.0
483.36             3.0
483.37             0.0
483.38             0.0
483.39             0.0
483.40             0.0
483.41             0.0
483.42             0.0
483.43            21.0
483.44            51.0
483.45            52.0
483.47            24.0
483.48            29.0
483.49            41.0
483.50            29.0
483.51             0.0
483.52             0.0
483.53             0.0
483.54            15.0
483.55             8.0
483.56             0.0
483.57             0.0
483.59             0.0
483.60             2.0
483.61            26.0
483.62            42.0
483.63            52.0
483.64            46.0
483.65            35.0
483.66            20.0
483.67            12.0
483.68            19.0
483.69            25.0
483.71            26.0
483.72            17.0
483.73            19.0
483.74            23.0
483.75            30.0
483.76            33.0
483.77            33.0
483.78            19.0
483.79            11.0
483.80            15.0
483.81            14.0
483.83             8.0
483.84            25.0
483.85            49.0
483.86            50.0
483.87            24.0
483.88             0.0
483.89             0.0
483.90             6.0
483.91            15.0
483.92             5.0
483.93             0.0
483.95             0.0
483.96            15.0
483.97            49.0
483.98            55.0
483.99            46.0
484.00            41.0
484.01            41.0
484.02            39.0
484.03            42.0
484.04            44.0
484.05            56.0
484.07            55.0
484.08            36.0
484.09            26.0
484.10            23.0
484.11            24.0
484.12            35.0
484.13            48.0
484.14            57.0
484.15            44.0
484.16            33.0
484.17            23.0
484.19            35.0
484.20            29.0
484.21            28.0
484.22            25.0
484.23            35.0
484.24            35.0
484.25            32.0
484.26            25.0
484.27            38.0
484.28            46.0
484.30            51.0
484.31            52.0
484.32            62.0
484.33            55.0
484.34            65.0
484.35            59.0
484.36            52.0
484.37            26.0
484.38            20.0
484.39             8.0
484.40             3.0
484.42             6.0
484.43             9.0
484.44            19.0
484.45            13.0
484.46            22.0
484.47            28.0
484.48            46.0
484.49            43.0
484.50            46.0
484.51            46.0
484.52            28.0
484.54            18.0
484.55            27.0
484.56            41.0
484.57            33.0
484.58            35.0
484.59            30.0
484.60            11.0
484.61             4.0
484.62            11.0
484.63            39.0
484.64            54.0
484.66            54.0
484.67            45.0
484.68            45.0
484.69            40.0
484.70            37.0
484.71            53.0
484.72            60.0
484.73            62.0
484.74            74.0
484.75            71.0
484.76            53.0
484.78            44.0
484.79            44.0
484.80            38.0
484.81            25.0
484.82            39.0
484.83            56.0
484.84            78.0
484.85            85.0
484.86            74.0
484.87            65.0
484.88            66.0
484.90            70.0
484.91            65.0
484.92            62.0
484.93            60.0
484.94            62.0
484.95            59.0
484.96            40.0
484.97            41.0
484.98            72.0
484.99            98.0
485.00            99.0
485.02            99.0
485.03           110.0
485.04           113.0
485.05            99.0
485.06            87.0
485.07            86.0
485.08            79.0
485.09            66.0
485.10            60.0
485.11            66.0
485.12            66.0
485.14            54.0
485.15            43.0
485.16            53.0
485.17            49.0
485.18            20.0
485.19             8.0
485.20            33.0
485.21            61.0
485.22            74.0
485.23            82.0
485.25            66.0
485.26            39.0
485.27            25.0
485.28            27.0
485.29            31.0
485.30            52.0
485.31            63.0
485.32            63.0
485.33            62.0
485.34            70.0
485.35            64.0
485.37            53.0
485.38            54.0
485.39            56.0
485.40            50.0
485.41            29.0
485.42            14.0
485.43            25.0
485.44            50.0
485.45            43.0
485.46            21.0
485.47            20.0
485.49            53.0
485.50            74.0
485.51            65.0
485.52            32.0
485.53            16.0
485.54            31.0
485.55            63.0
485.56            83.0
485.57            83.0
485.58            72.0
485.59            47.0
485.61            30.0
485.62            32.0
485.63            26.0
485.64            19.0
485.65            26.0
485.66            48.0
485.67            39.0
485.68            28.0
485.69            27.0
485.70            46.0
485.71            82.0
485.73           105.0
485.74            93.0
485.75            73.0
485.76            73.0
485.77            77.0
485.78            84.0
485.79            92.0
485.80            89.0
485.81            69.0
485.82            71.0
485.83            79.0
485.85            85.0
485.86            76.0
485.87            67.0
485.88            46.0
485.89            55.0
485.90            83.0
485.91            99.0
485.92            94.0
485.93           100.0
485.94            98.0
485.95           101.0
485.97           136.0
485.98           222.0
485.99           363.0
486.00           581.0
486.01           865.0
486.02           1162.0
486.03           1459.0
486.04           1711.0
486.05           1883.0
486.06           1900.0
486.07           1785.0
486.09           1600.0
486.10           1443.0
486.11           1333.0
486.12           1277.0
486.13           1290.0
486.14           1421.0
486.15           1654.0
486.16           1968.0
486.17           2211.0
486.18           2360.0
486.20           2368.0
486.21           2282.0
486.22           2034.0
486.23           1720.0
486.24           1383.0
486.25           1045.0
486.26           706.0
486.27           422.0
486.28           248.0
486.29           171.0
486.30           149.0
486.32           135.0
486.33           108.0
486.34            85.0
486.35            78.0
486.36            91.0
486.37            84.0
486.38            92.0
486.39            95.0
486.40           101.0
486.41            87.0
486.42            75.0
486.44            56.0
486.45            39.0
486.46            47.0
486.47            57.0
486.48            66.0
486.49            63.0
486.50            57.0
486.51            47.0
486.52            49.0
486.53            60.0
486.54            79.0
486.56            74.0
486.57            67.0
486.58            58.0
486.59            55.0
486.60            55.0
486.61            65.0
486.62            67.0
486.63            59.0
486.64            64.0
486.65            66.0
486.66            53.0
486.68            52.0
486.69            64.0
486.70            68.0
486.71            69.0
486.72            79.0
486.73            92.0
486.74            97.0
486.75           117.0
486.76           131.0
486.77           130.0
486.78           106.0
486.80            87.0
486.81            81.0
486.82            78.0
486.83            68.0
486.84            53.0
486.85            62.0
486.86            73.0
486.87            72.0
486.88            62.0
486.89            63.0
486.90            63.0
486.92            50.0
486.93            56.0
486.94            72.0
486.95            73.0
486.96            55.0
486.97            56.0
486.98            88.0
486.99            97.0
487.00            73.0
487.01            54.0
487.02            69.0
487.04            87.0
487.05            77.0
487.06            60.0
487.07            74.0
487.08            96.0
487.09           104.0
487.10            70.0
487.11            58.0
487.12            61.0
487.13            70.0
487.15            69.0
487.16            72.0
487.17            92.0
487.18           110.0
487.19           117.0
487.20            94.0
487.21            77.0
487.22            95.0
487.23           109.0
487.24            91.0
487.25            87.0
487.27           104.0
487.28           106.0
487.29           108.0
487.30           117.0
487.31           122.0
487.32           137.0
487.33           166.0
487.34           181.0
487.35           154.0
487.36           117.0
487.37            90.0
487.39            91.0
487.40           100.0
487.41            94.0
487.42            86.0
487.43           101.0
487.44           120.0
487.45           127.0
487.46           132.0
487.47           112.0
487.48            90.0
487.49            77.0
487.51            80.0
487.52            79.0
487.53           104.0
487.54           125.0
487.55           122.0
487.56           107.0
487.57            97.0
487.58            94.0
487.59            98.0
487.60           111.0
487.61            99.0
487.63           103.0
487.64           108.0
487.65           109.0
487.66           106.0
487.67           109.0
487.68            98.0
487.69            77.0
487.70            82.0
487.71            89.0
487.72            94.0
487.73            89.0
487.75            81.0
487.76            66.0
487.77            54.0
487.78            72.0
487.79            96.0
487.80           118.0
487.81           102.0
487.82            86.0
487.83            70.0
487.84            57.0
487.85            52.0
487.87            61.0
487.88            90.0
487.89            98.0
487.90            94.0
487.91            81.0
487.92            64.0
487.93            60.0
487.94            75.0
487.95           105.0
487.96           112.0
487.98           114.0
487.99           109.0
488.00           101.0
488.01            88.0
488.02            98.0
488.03           112.0
488.04           120.0
488.05           121.0
488.06           140.0
488.07           141.0
488.08           132.0
488.10           132.0
488.11           151.0
488.12           160.0
488.13           157.0
488.14           143.0
488.15           128.0
488.16           105.0
488.17           104.0
488.18           126.0
488.19           149.0
488.20           141.0
488.22           107.0
488.23            64.0
488.24            60.0
488.25            87.0
488.26            97.0
488.27            89.0
488.28            87.0
488.29            95.0
488.30            88.0
488.31            97.0
488.32           106.0
488.34           112.0
488.35           102.0
488.36           100.0
488.37           101.0
488.38           101.0
488.39           107.0
488.40           113.0
488.41           109.0
488.42           104.0
488.43            92.0
488.44            83.0
488.46            82.0
488.47            82.0
488.48            72.0
488.49            69.0
488.50            86.0
488.51           103.0
488.52           100.0
488.53            74.0
488.54            59.0
488.55            72.0
488.56            94.0
488.58           100.0
488.59            98.0
488.60            88.0
488.61            93.0
488.62            98.0
488.63           115.0
488.64           127.0
488.65           149.0
488.66           123.0
488.67            91.0
488.68            99.0
488.70           122.0
488.71            99.0
488.72            82.0
488.73           102.0
488.74           125.0
488.75           113.0
488.76            95.0
488.77            81.0
488.78           112.0
488.79           119.0
488.80            98.0
488.82            64.0
488.83            66.0
488.84            72.0
488.85            78.0
488.86            77.0
488.87            81.0
488.88            72.0
488.89            75.0
488.90            90.0
488.91           118.0
488.93           117.0
488.94           117.0
488.95           113.0
488.96           107.0
488.97            99.0
488.98           106.0
488.99           124.0
489.00           131.0
489.01           127.0
489.02           125.0
489.03           125.0
489.05           120.0
489.06           121.0
489.07           121.0
489.08           112.0
489.09           104.0
489.10           120.0
489.11           146.0
489.12           167.0
489.13           158.0
489.14           149.0
489.15           151.0
489.17           151.0
489.18           143.0
489.19           144.0
489.20           161.0
489.21           161.0
489.22           164.0
489.23           168.0
489.24           183.0
489.25           178.0
489.26           165.0
489.27           152.0
489.29           146.0
489.30           141.0
489.31           143.0
489.32           142.0
489.33           135.0
489.34           129.0
489.35           112.0
489.36            92.0
489.37            81.0
489.38            88.0
489.39            88.0
489.41           105.0
489.42           127.0
489.43           136.0
489.44           128.0
489.45           127.0
489.46           131.0
489.47           125.0
489.48           110.0
489.49            87.0
489.50            73.0
489.51            77.0
489.53            93.0
489.54           120.0
489.55           148.0
489.56           153.0
489.57           137.0
489.58           148.0
489.59           172.0
489.60           165.0
489.61           136.0
489.62           118.0
489.63           116.0
489.65           126.0
489.66           136.0
489.67           126.0
489.68           106.0
489.69           110.0
489.70           127.0
489.71           130.0
489.72           123.0
489.73           105.0
489.74            85.0
489.75            75.0
489.77            87.0
489.78           106.0
489.79           137.0
489.80           164.0
489.81           157.0
489.82           125.0
489.83           106.0
489.84           111.0
489.85           125.0
489.86           112.0
489.88            96.0
489.89           113.0
489.90           141.0
489.91           150.0
489.92           137.0
489.93           140.0
489.94           137.0
489.95           140.0
489.96           142.0
489.97           154.0
489.98           168.0
490.00           185.0
490.01           187.0
490.02           196.0
490.03           196.0
490.04           196.0
490.05           176.0
490.06           183.0
490.07           180.0
490.08           163.0
490.09           131.0
490.10           126.0
490.12           130.0
490.13           138.0
490.14           147.0
490.15           151.0
490.16           156.0
490.17           149.0
490.18           152.0
490.19           159.0
490.20           165.0
490.21           157.0
490.22           148.0
490.24           156.0
490.25           160.0
490.26           159.0
490.27           153.0
490.28           164.0
490.29           157.0
490.30           152.0
490.31           147.0
490.32           154.0
490.33           144.0
490.34           147.0
490.36           149.0
490.37           147.0
490.38           131.0
490.39           138.0
490.40           152.0
490.41           166.0
490.42           178.0
490.43           187.0
490.44           195.0
490.45           174.0
490.46           157.0
490.48           132.0
490.49           113.0
490.50            92.0
490.51            98.0
490.52           117.0
490.53           135.0
490.54           158.0
490.55           156.0
490.56           124.0
490.57            89.0
490.58           102.0
490.60           112.0
490.61           131.0
490.62           122.0
490.63           121.0
490.64           115.0
490.65           123.0
490.66           111.0
490.67            98.0
490.68            91.0
490.69            90.0
490.70            75.0
490.72            75.0
490.73            78.0
490.74            84.0
490.75            98.0
490.76           104.0
490.77            91.0
490.78            78.0
490.79           109.0
490.80           120.0
490.81           106.0
490.83           103.0
490.84           120.0
490.85           118.0
490.86            99.0
490.87           101.0
490.88           117.0
490.89           132.0
490.90           141.0
490.91           136.0
490.92           103.0
490.93            68.0
490.95            73.0
490.96           101.0
490.97           124.0
490.98           126.0
490.99           131.0
491.00           121.0
491.01           126.0
491.02           130.0
491.03           129.0
491.04           117.0
491.05           135.0
491.07           160.0
491.08           165.0
491.09           157.0
491.10           165.0
491.11           186.0
491.12           192.0
491.13           183.0
491.14           180.0
491.15           199.0
491.16           196.0
491.17           190.0
491.19           183.0
491.20           185.0
491.21           168.0
491.22           165.0
491.23           177.0
491.24           179.0
491.25           167.0
491.26           142.0
491.27           138.0
491.28           143.0
491.29           155.0
491.31           137.0
491.32           118.0
491.33           118.0
491.34           120.0
491.35           120.0
491.36           102.0
491.37            83.0
491.38            81.0
491.39            99.0
491.40           117.0
491.41           120.0
491.43           131.0
491.44           123.0
491.45           123.0
491.46           115.0
491.47           106.0
491.48            99.0
491.49           106.0
491.50           107.0
491.51           108.0
491.52           122.0
491.53           128.0
491.55           107.0
491.56            86.0
491.57            86.0
491.58            98.0
491.59           101.0
491.60           117.0
491.61           126.0
491.62           129.0
491.63           112.0
491.64            99.0
491.65            88.0
491.67            78.0
491.68            86.0
491.69           104.0
491.70           127.0
491.71           123.0
491.72           113.0
491.73           106.0
491.74            97.0
491.75           100.0
491.76           100.0
491.78           107.0
491.79           110.0
491.80           116.0
491.81           117.0
491.82           126.0
491.83           120.0
491.84           111.0
491.85           118.0
491.86           157.0
491.87           150.0
491.88           118.0
491.90            85.0
491.91            93.0
491.92            97.0
491.93           102.0
491.94           106.0
491.95           116.0
491.96           114.0
491.97           123.0
491.98           138.0
491.99           152.0
492.00           135.0
492.02           118.0
492.03           108.0
492.04           141.0
492.05           162.0
492.06           152.0
492.07           146.0
492.08           153.0
492.09           160.0
492.10           160.0
492.11           171.0
492.12           167.0
492.14           160.0
492.15           172.0
492.16           184.0
492.17           174.0
492.18           152.0
492.19           132.0
492.20           143.0
492.21           144.0
492.22           144.0
492.23           128.0
492.24           115.0
492.26           118.0
492.27           147.0
492.28           173.0
492.29           165.0
492.30           152.0
492.31           135.0
492.32           120.0
492.33           125.0
492.34           147.0
492.35           154.0
492.36           134.0
492.38           127.0
492.39           134.0
492.40           158.0
492.41           168.0
492.42           156.0
492.43           135.0
492.44           119.0
492.45           110.0
492.46           101.0
492.47           103.0
492.48            95.0
492.50            82.0
492.51            90.0
492.52           109.0
492.53           132.0
492.54           134.0
492.55           133.0
492.56           133.0
492.57           122.0
492.58            94.0
492.59            93.0
492.60           113.0
492.62           119.0
492.63           102.0
492.64           123.0
492.65           161.0
492.66           196.0
492.67           207.0
492.68           199.0
492.69           193.0
492.70           171.0
492.71           157.0
492.73           151.0
492.74           174.0
492.75           189.0
492.76           198.0
492.77           200.0
492.78           199.0
492.79           212.0
492.80           242.0
492.81           274.0
492.82           284.0
492.83           283.0
492.85           290.0
492.86           298.0
492.87           305.0
492.88           285.0
492.89           251.0
492.90           211.0
492.91           186.0
492.92           157.0
492.93           141.0
492.94           136.0
492.95           143.0
492.97           137.0
492.98           122.0
492.99           115.0
493.00           120.0
493.01           119.0
493.02           110.0
493.03           120.0
493.04           140.0
493.05           151.0
493.06           144.0
493.07           145.0
493.09           137.0
493.10           126.0
493.11           114.0
493.12           134.0
493.13           169.0
493.14           188.0
493.15           176.0
493.16           157.0
493.17           176.0
493.18           190.0
493.19           203.0
493.21           199.0
493.22           206.0
493.23           200.0
493.24           205.0
493.25           202.0
493.26           185.0
493.27           178.0
493.28           170.0
493.29           177.0
493.30           192.0
493.31           218.0
493.33           222.0
493.34           213.0
493.35           199.0
493.36           209.0
493.37           243.0
493.38           272.0
493.39           281.0
493.40           268.0
493.41           268.0
493.42           244.0
493.43           213.0
493.45           189.0
493.46           196.0
493.47           201.0
493.48           201.0
493.49           188.0
493.50           160.0
493.51           137.0
493.52           149.0
493.53           146.0
493.54           143.0
493.55           153.0
493.57           175.0
493.58           179.0
493.59           178.0
493.60           159.0
493.61           139.0
493.62           115.0
493.63           102.0
493.64            94.0
493.65           102.0
493.66           110.0
493.68           123.0
493.69           139.0
493.70           151.0
493.71           158.0
493.72           157.0
493.73           138.0
493.74           119.0
493.75           117.0
493.76           109.0
493.77           113.0
493.78           123.0
493.80           136.0
493.81           127.0
493.82           124.0
493.83           142.0
493.84           158.0
493.85           151.0
493.86           147.0
493.87           157.0
493.88           170.0
493.89           176.0
493.90           189.0
493.92           181.0
493.93           187.0
493.94           200.0
493.95           217.0
493.96           212.0
493.97           185.0
493.98           140.0
493.99           116.0
494.00           117.0
494.01           116.0
494.02           104.0
494.04           109.0
494.05           118.0
494.06           135.0
494.07           132.0
494.08           138.0
494.09           145.0
494.10           148.0
494.11           126.0
494.12           113.0
494.13           116.0
494.14           123.0
494.16           117.0
494.17           119.0
494.18           127.0
494.19           123.0
494.20            99.0
494.21            96.0
494.22            99.0
494.23           116.0
494.24           121.0
494.25           117.0
494.26           100.0
494.28           105.0
494.29           131.0
494.30           136.0
494.31           132.0
494.32           131.0
494.33           122.0
494.34           115.0
494.35           134.0
494.36           157.0
494.37           163.0
494.38           152.0
494.40           135.0
494.41           119.0
494.42           126.0
494.43           134.0
494.44           128.0
494.45           136.0
494.46           149.0
494.47           152.0
494.48           154.0
494.49           167.0
494.50           173.0
494.52           152.0
494.53           120.0
494.54           103.0
494.55           101.0
494.56           115.0
494.57           119.0
494.58           117.0
494.59           110.0
494.60           119.0
494.61           123.0
494.63           110.0
494.64           122.0
494.65           137.0
494.66           140.0
494.67           114.0
494.68           100.0
494.69            92.0
494.70           102.0
494.71           115.0
494.72           102.0
494.73           100.0
494.75           119.0
494.76           152.0
494.77           143.0
494.78           119.0
494.79           104.0
494.80           100.0
494.81            93.0
494.82           101.0
494.83           134.0
494.84           154.0
494.85           153.0
494.87           136.0
494.88           116.0
494.89            95.0
494.90            89.0
494.91            94.0
494.92            80.0
494.93            69.0
494.94            84.0
494.95           114.0
494.96           131.0
494.97           118.0
494.99            93.0
495.00            89.0
495.01           111.0
495.02           109.0
495.03            77.0
495.04            79.0
495.05           100.0
495.06           113.0
495.07            93.0
495.08            81.0
495.09            70.0
495.11            88.0
495.12            98.0
495.13           105.0
495.14            96.0
495.15           110.0
495.16           114.0
495.17           112.0
495.18           113.0
495.19           130.0
495.20           136.0
495.21           127.0
495.23           108.0
495.24            98.0
495.25            96.0
495.26           116.0
495.27           120.0
495.28           120.0
495.29           108.0
495.30           104.0
495.31            97.0
495.32           123.0
495.33           132.0
495.35           114.0
495.36           102.0
495.37           125.0
495.38           119.0
495.39           101.0
495.40           105.0
495.41           121.0
495.42           109.0
495.43           102.0
495.44           111.0
495.45           142.0
495.47           149.0
495.48           145.0
495.49           139.0
495.50           139.0
495.51           143.0
495.52           148.0
495.53           154.0
495.54           154.0
495.55           143.0
495.56           121.0
495.58           109.0
495.59           119.0
495.60           138.0
495.61           155.0
495.62           157.0
495.63           139.0
495.64           135.0
495.65           124.0
495.66           111.0
495.67           107.0
495.68           119.0
495.70           129.0
495.71           127.0
495.72           116.0
495.73           109.0
495.74           115.0
495.75           126.0
495.76           126.0
495.77           122.0
495.78           110.0
495.79           100.0
495.80            96.0
495.82           104.0
495.83           111.0
495.84           101.0
495.85            96.0
495.86           115.0
495.87           140.0
495.88           125.0
495.89           103.0
495.90           102.0
495.91           111.0
495.92            94.0
495.94            90.0
495.95            97.0
495.96            91.0
495.97            80.0
495.98            86.0
495.99           103.0
496.00            99.0
496.01            94.0
496.02           108.0
496.03           125.0
496.04           127.0
496.06           121.0
496.07           120.0
496.08           125.0
496.09           134.0
496.10           142.0
496.11           139.0
496.12           139.0
496.13           142.0
496.14           137.0
496.15           135.0
496.16           128.0
496.18           130.0
496.19           125.0
496.20           128.0
496.21           114.0
496.22           104.0
496.23           105.0
496.24           122.0
496.25           132.0
496.26           132.0
496.27           118.0
496.28           114.0
496.30           135.0
496.31           151.0
496.32           143.0
496.33           116.0
496.34           107.0
496.35            97.0
496.36            90.0
496.37            90.0
496.38           102.0
496.39           112.0
496.40           117.0
496.42           132.0
496.43           137.0
496.44           131.0
496.45           111.0
496.46           115.0
496.47           112.0
496.48           119.0
496.49           126.0
496.50           145.0
496.51           146.0
496.53           147.0
496.54           156.0
496.55           157.0
496.56           146.0
496.57           144.0
496.58           168.0
496.59           186.0
496.60           169.0
496.61           144.0
496.62           121.0
496.63           118.0
496.65           138.0
496.66           165.0
496.67           161.0
496.68           144.0
496.69           147.0
496.70           149.0
496.71           134.0
496.72           120.0
496.73           118.0
496.74           125.0
496.75           108.0
496.77           100.0
496.78            99.0
496.79           129.0
496.80           143.0
496.81           140.0
496.82           123.0
496.83           110.0
496.84           103.0
496.85           107.0
496.86           109.0
496.87           103.0
496.89            98.0
496.90           109.0
496.91           122.0
496.92           142.0
496.93           137.0
496.94           121.0
496.95           100.0
496.96           103.0
496.97           101.0
496.98           117.0
496.99           107.0
497.01            93.0
497.02            83.0
497.03            95.0
497.04           115.0
497.05           111.0
497.06           115.0
497.07           126.0
497.08           130.0
497.09            98.0
497.10            71.0
497.11            88.0
497.13           122.0
497.14           139.0
497.15           133.0
497.16           128.0
497.17           141.0
497.18           140.0
497.19           141.0
497.20           133.0
497.21           126.0
497.22           111.0
497.23           119.0
497.25           142.0
497.26           153.0
497.27           157.0
497.28           168.0
497.29           176.0
497.30           172.0
497.31           164.0
497.32           151.0
497.33           130.0
497.34           103.0
497.36           106.0
497.37           122.0
497.38           133.0
497.39           114.0
497.40           102.0
497.41           111.0
497.42           110.0
497.43            92.0
497.44            83.0
497.45           101.0
497.46           116.0
497.48           108.0
497.49           100.0
497.50           107.0
497.51           132.0
497.52           145.0
497.53           157.0
497.54           138.0
497.55           118.0
497.56           109.0
497.57           124.0
497.58           121.0
497.60           107.0
497.61           102.0
497.62           101.0
497.63            98.0
497.64           110.0
497.65           127.0
497.66           122.0
497.67           111.0
497.68           126.0
497.69           142.0
497.70           147.0
497.72           130.0
497.73           106.0
497.74            93.0
497.75           104.0
497.76           112.0
497.77           108.0
497.78            88.0
497.79            86.0
497.80            82.0
497.81            94.0
497.82            93.0
497.84            97.0
497.85           104.0
497.86           104.0
497.87            95.0
497.88            99.0
497.89           123.0
497.90           128.0
497.91           128.0
497.92           131.0
497.93           130.0
497.94           115.0
497.96           118.0
497.97           124.0
497.98           141.0
497.99           160.0
498.00           172.0
498.01           178.0
498.02           168.0
498.03           144.0
498.04           121.0
498.05           132.0
498.06           146.0
498.08           133.0
498.09           111.0
498.10           121.0
498.11           134.0
498.12           143.0
498.13           135.0
498.14           139.0
498.15           144.0
498.16           151.0
498.17           147.0
498.18           138.0
498.20           127.0
498.21           118.0
498.22           123.0
498.23           129.0
498.24           128.0
498.25           120.0
498.26           114.0
498.27           115.0
498.28           113.0
498.29           103.0
498.31            81.0
498.32            86.0
498.33           100.0
498.34           117.0
498.35           124.0
498.36           131.0
498.37           121.0
498.38           105.0
498.39           108.0
498.40           128.0
498.41           139.0
498.43           142.0
498.44           132.0
498.45           134.0
498.46           133.0
498.47           150.0
498.48           161.0
498.49           169.0
498.50           160.0
498.51           162.0
498.52           157.0
498.53           153.0
498.55           151.0
498.56           156.0
498.57           154.0
498.58           147.0
498.59           125.0
498.60           110.0
498.61           109.0
498.62           124.0
498.63           128.0
498.64           127.0
498.65           115.0
498.67           109.0
498.68           114.0
498.69           119.0
498.70           123.0
498.71           129.0
498.72           142.0
498.73           148.0
498.74           140.0
498.75           124.0
498.76           110.0
498.77           112.0
498.79           134.0
498.80           168.0
498.81           183.0
498.82           182.0
498.83           167.0
498.84           157.0
498.85           164.0
498.86           182.0
498.87           193.0
498.88           183.0
498.89           173.0
498.91           178.0
498.92           192.0
498.93           195.0
498.94           191.0
498.95           186.0
498.96           194.0
498.97           200.0
498.98           198.0
498.99           183.0
499.00           190.0
499.01           210.0
499.03           226.0
499.04           235.0
499.05           239.0
499.06           245.0
499.07           250.0
499.08           254.0
499.09           238.0
499.10           215.0
499.11           204.0
499.12           211.0
499.13           229.0
499.15           227.0
499.16           226.0
499.17           209.0
499.18           204.0
499.19           176.0
499.20           151.0
499.21           139.0
499.22           155.0
499.23           155.0
499.24           135.0
499.26           123.0
499.27           121.0
499.28           129.0
499.29           126.0
499.30           119.0
499.31           123.0
499.32           134.0
499.33           136.0
499.34           124.0
499.35           119.0
499.36           105.0
499.38           102.0
499.39           107.0
499.40           115.0
499.41           107.0
499.42           106.0
499.43           105.0
499.44           116.0
499.45           117.0
499.46           121.0
499.47           113.0
499.48           117.0
499.50           114.0
499.51           120.0
499.52           108.0
499.53            97.0
499.54            86.0
499.55            98.0
499.56           103.0
499.57           114.0
499.58           133.0
499.59           143.0
499.60           141.0
499.62           131.0
499.63           139.0
499.64           159.0
499.65           169.0
499.66           147.0
499.67           146.0
499.68           151.0
499.69           153.0
499.70           139.0
499.71           130.0
499.72           114.0
499.74           139.0
499.75           168.0
499.76           170.0
499.77           148.0
499.78           141.0
499.79           127.0
499.80           123.0
499.81           130.0
499.82           128.0
499.83           123.0
499.84           124.0
499.86           127.0
499.87           116.0
499.88           116.0
499.89           111.0
499.90           115.0
499.91           122.0
499.92           113.0
499.93            94.0
499.94            98.0
499.95           119.0
499.96           131.0
499.98           141.0
499.99           143.0
500.00           133.0
500.01           144.0
500.02           164.0
500.03           168.0
500.04           152.0
500.05           144.0
500.06           132.0
500.07           120.0
500.08           124.0
500.10           142.0
500.11           158.0
500.12           144.0
500.13           134.0
500.14           128.0
500.15           128.0
500.16           108.0
500.17           107.0
500.18           114.0
500.19           132.0
500.21           151.0
500.22           156.0
500.23           146.0
500.24           121.0
500.25           113.0
500.26           106.0
500.27           122.0
500.28           134.0
500.29           151.0
500.30           157.0
500.31           152.0
500.33           132.0
500.34           110.0
500.35            94.0
500.36            99.0
500.37           108.0
500.38           120.0
500.39           110.0
500.40           100.0
500.41            91.0
500.42            98.0
500.43           132.0
500.45           152.0
500.46           144.0
500.47           134.0
500.48           131.0
500.49           128.0
500.50           105.0
500.51            95.0
500.52            95.0
500.53           111.0
500.54            95.0
500.55            88.0
500.57           101.0
500.58           100.0
500.59            90.0
500.60           110.0
500.61           126.0
500.62           112.0
500.63           112.0
500.64           136.0
500.65           146.0
500.66           145.0
500.67           140.0
500.69           126.0
500.70           113.0
500.71           130.0
500.72           152.0
500.73           156.0
500.74           145.0
500.75           134.0
500.76           144.0
500.77           151.0
500.78           164.0
500.79           160.0
500.81           153.0
500.82           135.0
500.83           135.0
500.84           146.0
500.85           152.0
500.86           140.0
500.87           133.0
500.88           127.0
500.89           124.0
500.90           127.0
500.91           139.0
500.93           128.0
500.94           115.0
500.95           107.0
500.96           106.0
500.97           108.0
500.98           114.0
500.99           113.0
501.00           116.0
501.01           125.0
501.02           126.0
501.03           141.0
501.05           158.0
501.06           162.0
501.07           154.0
501.08           156.0
501.09           159.0
501.10           176.0
501.11           186.0
501.12           179.0
501.13           173.0
501.14           176.0
501.16           165.0
501.17           156.0
501.18           147.0
501.19           150.0
501.20           183.0
501.21           243.0
501.22           258.0
501.23           231.0
501.24           194.0
501.25           191.0
501.26           210.0
501.28           244.0
501.29           264.0
501.30           264.0
501.31           241.0
501.32           221.0
501.33           216.0
501.34           236.0
501.35           241.0
501.36           218.0
501.37           191.0
501.38           180.0
501.40           183.0
501.41           183.0
501.42           183.0
501.43           184.0
501.44           192.0
501.45           195.0
501.46           193.0
501.47           187.0
501.48           199.0
501.49           205.0
501.50           202.0
501.52           187.0
501.53           189.0
501.54           197.0
501.55           193.0
501.56           180.0
501.57           163.0
501.58           159.0
501.59           174.0
501.60           190.0
501.61           178.0
501.62           156.0
501.64           160.0
501.65           187.0
501.66           192.0
501.67           179.0
501.68           161.0
501.69           142.0
501.70           111.0
501.71           101.0
501.72           116.0
501.73           133.0
501.74           142.0
501.76           140.0
501.77           139.0
501.78           120.0
501.79           111.0
501.80           116.0
501.81           138.0
501.82           137.0
501.83           122.0
501.84           108.0
501.85           126.0
501.86           138.0
501.88           106.0
501.89            77.0
501.90            94.0
501.91           134.0
501.92           139.0
501.93           141.0
501.94           147.0
501.95           155.0
501.96           136.0
501.97           110.0
501.98            96.0
502.00           106.0
502.01           122.0
502.02           129.0
502.03           144.0
502.04           163.0
502.05           177.0
502.06           172.0
502.07           154.0
502.08           134.0
502.09           134.0
502.11           149.0
502.12           158.0
502.13           147.0
502.14           139.0
502.15           138.0
502.16           137.0
502.17           128.0
502.18           120.0
502.19           109.0
502.20           108.0
502.21           118.0
502.23           120.0
502.24           107.0
502.25           119.0
502.26           150.0
502.27           167.0
502.28           148.0
502.29           138.0
502.30           142.0
502.31           156.0
502.32           151.0
502.33           157.0
502.35           176.0
502.36           181.0
502.37           164.0
502.38           147.0
502.39           138.0
502.40           145.0
502.41           175.0
502.42           181.0
502.43           163.0
502.44           149.0
502.45           158.0
502.47           152.0
502.48           141.0
502.49           137.0
502.50           147.0
502.51           149.0
502.52           133.0
502.53           123.0
502.54           130.0
502.55           131.0
502.56           121.0
502.57           104.0
502.59            91.0
502.60           100.0
502.61           130.0
502.62           155.0
502.63           158.0
502.64           151.0
502.65           146.0
502.66           143.0
502.67           135.0
502.68           116.0
502.69           118.0
502.71           124.0
502.72           127.0
502.73           128.0
502.74           154.0
502.75           164.0
502.76           162.0
502.77           159.0
502.78           155.0
502.79           136.0
502.80           111.0
502.81           113.0
502.83           136.0
502.84           148.0
502.85           133.0
502.86           124.0
502.87           145.0
502.88           146.0
502.89           116.0
502.90            99.0
502.91           111.0
502.92           129.0
502.93           129.0
502.95           144.0
502.96           167.0
502.97           177.0
502.98           159.0
502.99           154.0
503.00           175.0
503.01           188.0
503.02           170.0
503.03           152.0
503.04           149.0
503.06           160.0
503.07           174.0
503.08           176.0
503.09           154.0
503.10           118.0
503.11           110.0
503.12           120.0
503.13           127.0
503.14           109.0
503.15           107.0
503.16           118.0
503.18           141.0
503.19           146.0
503.20           147.0
503.21           150.0
503.22           168.0
503.23           166.0
503.24           144.0
503.25           136.0
503.26           116.0
503.27            99.0
503.28            99.0
503.30           144.0
503.31           163.0
503.32           158.0
503.33           146.0
503.34           139.0
503.35           123.0
503.36           106.0
503.37           131.0
503.38           161.0
503.39           173.0
503.40           149.0
503.42           144.0
503.43           128.0
503.44           130.0
503.45           139.0
503.46           155.0
503.47           153.0
503.48           166.0
503.49           177.0
503.50           157.0
503.51           142.0
503.52           152.0
503.54           164.0
503.55           157.0
503.56           161.0
503.57           162.0
503.58           143.0
503.59           125.0
503.60           136.0
503.61           161.0
503.62           164.0
503.63           139.0
503.64           111.0
503.66           107.0
503.67           123.0
503.68           149.0
503.69           167.0
503.70           176.0
503.71           188.0
503.72           189.0
503.73           200.0
503.74           212.0
503.75           219.0
503.76           196.0
503.78           169.0
503.79           162.0
503.80           165.0
503.81           174.0
503.82           155.0
503.83           132.0
503.84           120.0
503.85           112.0
503.86            95.0
503.87            94.0
503.88           114.0
503.90           135.0
503.91           136.0
503.92           127.0
503.93           128.0
503.94           146.0
503.95           148.0
503.96           138.0
503.97           139.0
503.98           164.0
503.99           175.0
504.01           177.0
504.02           157.0
504.03           150.0
504.04           145.0
504.05           161.0
504.06           163.0
504.07           160.0
504.08           134.0
504.09           104.0
504.10           110.0
504.11           134.0
504.13           149.0
504.14           139.0
504.15           140.0
504.16           142.0
504.17           142.0
504.18           137.0
504.19           139.0
504.20           142.0
504.21           132.0
504.22           112.0
504.23           108.0
504.25           123.0
504.26           124.0
504.27           109.0
504.28           107.0
504.29           117.0
504.30           122.0
504.31           105.0
504.32           108.0
504.33           110.0
504.34           114.0
504.35           102.0
504.37           109.0
504.38           120.0
504.39           112.0
504.40           1453.0
504.41           1453.0
