393.21            11.0
393.22            22.0
393.23            20.0
393.24            21.0
393.26            17.0
393.27            17.0
393.28            10.0
393.29            29.0
393.30            19.0
393.31             0.0
393.33             0.0
393.34             0.0
393.35             2.0
393.36             9.0
393.37            12.0
393.38             5.0
393.39             0.0
393.41             0.0
393.42             0.0
393.43             0.0
393.44             0.0
393.45             0.0
393.46             0.0
393.47             0.0
393.49             0.0
393.50             0.0
393.51             0.0
393.52             0.0
393.53             0.0
393.54             0.0
393.55             0.0
393.57             0.0
393.58             0.0
393.59             0.0
393.60            10.0
393.61            23.0
393.62            30.0
393.63             8.0
393.65             3.0
393.66             4.0
393.67             0.0
393.68             0.0
393.69             6.0
393.70             0.0
393.72             0.0
393.73             7.0
393.74            27.0
393.75            11.0
393.76             9.0
393.77             3.0
393.78             4.0
393.80             2.0
393.81             2.0
393.82             0.0
393.83             0.0
393.84             0.0
393.85             0.0
393.86             0.0
393.88             0.0
393.89             0.0
393.90             0.0
393.91             0.0
393.92             0.0
393.93             0.0
393.94             0.0
393.96            15.0
393.97            14.0
393.98             0.0
393.99             0.0
394.00             0.0
394.01             0.0
394.03             0.0
394.04             0.0
394.05             0.0
394.06            11.0
394.07             9.0
394.08             0.0
394.09             0.0
394.11             0.0
394.12             0.0
394.13             0.0
394.14             0.0
394.15            16.0
394.16             6.0
394.17             0.0
394.19             0.0
394.20             9.0
394.21             0.0
394.22             0.0
394.23             0.0
394.24            17.0
394.25            10.0
394.27             1.0
394.28             0.0
394.29             0.0
394.30             0.0
394.31             0.0
394.32             0.0
394.34            19.0
394.35            31.0
394.36             6.0
394.37             0.0
394.38             0.0
394.39             0.0
394.40             0.0
394.42            23.0
394.43            42.0
394.44            44.0
394.45            28.0
394.46             0.0
394.47             0.0
394.48             0.0
394.50            15.0
394.51            35.0
394.52            28.0
394.53             5.0
394.54             0.0
394.55             8.0
394.56            29.0
394.58            24.0
394.59             4.0
394.60             0.0
394.61             0.0
394.62             7.0
394.63            39.0
394.65            68.0
394.66            55.0
394.67             4.0
394.68             0.0
394.69             0.0
394.70             0.0
394.71             0.0
394.73            10.0
394.74             7.0
394.75             0.0
394.76             0.0
394.77             0.0
394.78             7.0
394.79            22.0
394.81            20.0
394.82             0.0
394.83             0.0
394.84             0.0
394.85             1.0
394.86             0.0
394.87             0.0
394.89             0.0
394.90             0.0
394.91             1.0
394.92             0.0
394.93             0.0
394.94             0.0
394.95             0.0
394.97             0.0
394.98            15.0
394.99            35.0
395.00            21.0
395.01             0.0
395.02             0.0
395.04             0.0
395.05             0.0
395.06             0.0
395.07             0.0
395.08             0.0
395.09             0.0
395.10             2.0
395.12             6.0
395.13             0.0
395.14             0.0
395.15            12.0
395.16            28.0
395.17            19.0
395.18            20.0
395.20            10.0
395.21             0.0
395.22             0.0
395.23             0.0
395.24             0.0
395.25             0.0
395.26             0.0
395.28             0.0
395.29             0.0
395.30             0.0
395.31             0.0
395.32            21.0
395.33            17.0
395.35             6.0
395.36             6.0
395.37            27.0
395.38             0.0
395.39             0.0
395.40             0.0
395.41             0.0
395.43             0.0
395.44             0.0
395.45             0.0
395.46             0.0
395.47             3.0
395.48            26.0
395.49            40.0
395.51            35.0
395.52            23.0
395.53             2.0
395.54             4.0
395.55             0.0
395.56             0.0
395.57             4.0
395.59            19.0
395.60            13.0
395.61            17.0
395.62            11.0
395.63            13.0
395.64            20.0
395.66            26.0
395.67            12.0
395.68             2.0
395.69            32.0
395.70            45.0
395.71            23.0
395.72             0.0
395.74             0.0
395.75             0.0
395.76            14.0
395.77             0.0
395.78             0.0
395.79             0.0
395.80             0.0
395.82             0.0
395.83             0.0
395.84             0.0
395.85             0.0
395.86             0.0
395.87             7.0
395.88            10.0
395.90            18.0
395.91            32.0
395.92            15.0
395.93             0.0
395.94             0.0
395.95             0.0
395.96             0.0
395.98            24.0
395.99            27.0
396.00             2.0
396.01             2.0
396.02            12.0
396.03             3.0
396.05             0.0
396.06             0.0
396.07             0.0
396.08             0.0
396.09             0.0
396.10             0.0
396.11             0.0
396.13             6.0
396.14             8.0
396.15            13.0
396.16            21.0
396.17            28.0
396.18            18.0
396.19            18.0
396.21            24.0
396.22            28.0
396.23            21.0
396.24             2.0
396.25             0.0
396.26             0.0
396.27             0.0
396.29            26.0
396.30            49.0
396.31            41.0
396.32            17.0
396.33             0.0
396.34             0.0
396.36             0.0
396.37             0.0
396.38             0.0
396.39             0.0
396.40             0.0
396.41             0.0
396.42             0.0
396.44             0.0
396.45             0.0
396.46             0.0
396.47             0.0
396.48             0.0
396.49             0.0
396.50             0.0
396.52             0.0
396.53            16.0
396.54             0.0
396.55             0.0
396.56             0.0
396.57            22.0
396.58            55.0
396.60            53.0
396.61            38.0
396.62            21.0
396.63            11.0
396.64            22.0
396.65            35.0
396.67            28.0
396.68            25.0
396.69            20.0
396.70             8.0
396.71             0.0
396.72             2.0
396.73            10.0
396.75             0.0
396.76             0.0
396.77             0.0
396.78             3.0
396.79             1.0
396.80             0.0
396.81            12.0
396.83            14.0
396.84            17.0
396.85             0.0
396.86            14.0
396.87            14.0
396.88            33.0
396.89            21.0
396.91            26.0
396.92            28.0
396.93            39.0
396.94            36.0
396.95            19.0
396.96             0.0
396.98             0.0
396.99             0.0
397.00             0.0
397.01             0.0
397.02             6.0
397.03            11.0
397.04            13.0
397.06             7.0
397.07             0.0
397.08             0.0
397.09             0.0
397.10            45.0
397.11            55.0
397.12            19.0
397.14             0.0
397.15             2.0
397.16             5.0
397.17             0.0
397.18            16.0
397.19            40.0
397.20            40.0
397.22             0.0
397.23             0.0
397.24             0.0
397.25             0.0
397.26             0.0
397.27             0.0
397.28             0.0
397.30             0.0
397.31             0.0
397.32             1.0
397.33             0.0
397.34             0.0
397.35             0.0
397.37            18.0
397.38             0.0
397.39             0.0
397.40             0.0
397.41             0.0
397.42             0.0
397.43             0.0
397.45             0.0
397.46            13.0
397.47             0.0
397.48             0.0
397.49             0.0
397.50             0.0
397.51            19.0
397.53             0.0
397.54             0.0
397.55             0.0
397.56             0.0
397.57             0.0
397.58             2.0
397.59             5.0
397.61             0.0
397.62             0.0
397.63             4.0
397.64             5.0
397.65            12.0
397.66            22.0
397.68            37.0
397.69            14.0
397.70             0.0
397.71             0.0
397.72             0.0
397.73             0.0
397.74             0.0
397.76             0.0
397.77             0.0
397.78             0.0
397.79             0.0
397.80             8.0
397.81             7.0
397.82             0.0
397.84             0.0
397.85             0.0
397.86             0.0
397.87            14.0
397.88            18.0
397.89             0.0
397.90             0.0
397.92             3.0
397.93             7.0
397.94             0.0
397.95             0.0
397.96             0.0
397.97             0.0
397.99             4.0
398.00             0.0
398.01             0.0
398.02             6.0
398.03            14.0
398.04             0.0
398.05             0.0
398.07             0.0
398.08             0.0
398.09             0.0
398.10            11.0
398.11            15.0
398.12            19.0
398.13            20.0
398.15            15.0
398.16             0.0
398.17             0.0
398.18             0.0
398.19             6.0
398.20            14.0
398.21            28.0
398.23            23.0
398.24             9.0
398.25             0.0
398.26             0.0
398.27             0.0
398.28             0.0
398.29            20.0
398.31            28.0
398.32            12.0
398.33             0.0
398.34             0.0
398.35             0.0
398.36             0.0
398.38            11.0
398.39            23.0
398.40            19.0
398.41             5.0
398.42             0.0
398.43             2.0
398.44             0.0
398.46             0.0
398.47             0.0
398.48             6.0
398.49            11.0
398.50             1.0
398.51             2.0
398.52            14.0
398.54            22.0
398.55             4.0
398.56             3.0
398.57            17.0
398.58            34.0
398.59            40.0
398.60            26.0
398.62            16.0
398.63             9.0
398.64            12.0
398.65             3.0
398.66             0.0
398.67             0.0
398.69             0.0
398.70             9.0
398.71             0.0
398.72             0.0
398.73             0.0
398.74            23.0
398.75            15.0
398.77             0.0
398.78             0.0
398.79             4.0
398.80             6.0
398.81            11.0
398.82            20.0
398.83            24.0
398.85            13.0
398.86             5.0
398.87            13.0
398.88            33.0
398.89            15.0
398.90             0.0
398.91             0.0
398.93             0.0
398.94             0.0
398.95             6.0
398.96             8.0
398.97            14.0
398.98            19.0
399.00             9.0
399.01             0.0
399.02             2.0
399.03             6.0
399.04             7.0
399.05             0.0
399.06             0.0
399.08             6.0
399.09            22.0
399.10            17.0
399.11             7.0
399.12             4.0
399.13             0.0
399.14             0.0
399.16             0.0
399.17             0.0
399.18             0.0
399.19            14.0
399.20            46.0
399.21            46.0
399.22            38.0
399.24            28.0
399.25            16.0
399.26             7.0
399.27             4.0
399.28             8.0
399.29            18.0
399.31            42.0
399.32            49.0
399.33            49.0
399.34            41.0
399.35            47.0
399.36            46.0
399.37            46.0
399.39            18.0
399.40             0.0
399.41            15.0
399.42            44.0
399.43            36.0
399.44             8.0
399.45             8.0
399.47            25.0
399.48            45.0
399.49            66.0
399.50            63.0
399.51            32.0
399.52             9.0
399.53            13.0
399.55            27.0
399.56            38.0
399.57            26.0
399.58             8.0
399.59            21.0
399.60            47.0
399.61            50.0
399.63            37.0
399.64            29.0
399.65            29.0
399.66            37.0
399.67            48.0
399.68            41.0
399.70            24.0
399.71            22.0
399.72            43.0
399.73            71.0
399.74            89.0
399.75            92.0
399.76            74.0
399.78            48.0
399.79            22.0
399.80            15.0
399.81            24.0
399.82            44.0
399.83            50.0
399.84            45.0
399.86            40.0
399.87            29.0
399.88            30.0
399.89            58.0
399.90            89.0
399.91            88.0
399.92            61.0
399.94            44.0
399.95            31.0
399.96            29.0
399.97            43.0
399.98            57.0
399.99            62.0
400.01            52.0
400.02            46.0
400.03            10.0
400.04             0.0
400.05             0.0
400.06            35.0
400.07            62.0
400.09            66.0
400.10            67.0
400.11            62.0
400.12            65.0
400.13            75.0
400.14            64.0
400.15            41.0
400.17            22.0
400.18            35.0
400.19            34.0
400.20            20.0
400.21            13.0
400.22            36.0
400.23            48.0
400.25            54.0
400.26            62.0
400.27            63.0
400.28            49.0
400.29            36.0
400.30            53.0
400.32            70.0
400.33            80.0
400.34            63.0
400.35            55.0
400.36            31.0
400.37            42.0
400.38            48.0
400.40            39.0
400.41            30.0
400.42            53.0
400.43            67.0
400.44            60.0
400.45            65.0
400.46            84.0
400.48            82.0
400.49            62.0
400.50            38.0
400.51            34.0
400.52            38.0
400.53            51.0
400.54            65.0
400.56            76.0
400.57            65.0
400.58            55.0
400.59            61.0
400.60            74.0
400.61            63.0
400.63            39.0
400.64            27.0
400.65            22.0
400.66             5.0
400.67             5.0
400.68            36.0
400.69            69.0
400.71            65.0
400.72            40.0
400.73            49.0
400.74            65.0
400.75            70.0
400.76            54.0
400.77            40.0
400.79            41.0
400.80            70.0
400.81            87.0
400.82            72.0
400.83            54.0
400.84            28.0
400.85             6.0
400.87            14.0
400.88            44.0
400.89            53.0
400.90            66.0
400.91            81.0
400.92            83.0
400.93            81.0
400.95            84.0
400.96            87.0
400.97            77.0
400.98            59.0
400.99            53.0
401.00            61.0
401.02            83.0
401.03            94.0
401.04            77.0
401.05            35.0
401.06            14.0
401.07            36.0
401.08            53.0
401.10            62.0
401.11            61.0
401.12            75.0
401.13            85.0
401.14            84.0
401.15            88.0
401.16            80.0
401.18            68.0
401.19            34.0
401.20            25.0
401.21            18.0
401.22            31.0
401.23            38.0
401.24            50.0
401.26            54.0
401.27            42.0
401.28            24.0
401.29            27.0
401.30            46.0
401.31            62.0
401.33            71.0
401.34            80.0
401.35            79.0
401.36            63.0
401.37            56.0
401.38            56.0
401.39            66.0
401.41            51.0
401.42            32.0
401.43            16.0
401.44            48.0
401.45            88.0
401.46            99.0
401.47            81.0
401.49            55.0
401.50            35.0
401.51            41.0
401.52            68.0
401.53            55.0
401.54            41.0
401.55            43.0
401.57            53.0
401.58            41.0
401.59            37.0
401.60            39.0
401.61            35.0
401.62            26.0
401.64            32.0
401.65            54.0
401.66            58.0
401.67            47.0
401.68            46.0
401.69            33.0
401.70            23.0
401.72            14.0
401.73            24.0
401.74            11.0
401.75            31.0
401.76            46.0
401.77            66.0
401.78            59.0
401.80            65.0
401.81            67.0
401.82            67.0
401.83            56.0
401.84            53.0
401.85            66.0
401.86            56.0
401.88            36.0
401.89            54.0
401.90            76.0
401.91            69.0
401.92            50.0
401.93            56.0
401.94            47.0
401.96            44.0
401.97            63.0
401.98            84.0
401.99            80.0
402.00            67.0
402.01            51.0
402.03            48.0
402.04            46.0
402.05            65.0
402.06            54.0
402.07            55.0
402.08            61.0
402.09            74.0
402.11            70.0
402.12            66.0
402.13            48.0
402.14            40.0
402.15            45.0
402.16            49.0
402.17            56.0
402.19            66.0
402.20            72.0
402.21            70.0
402.22            78.0
402.23            82.0
402.24            77.0
402.25            68.0
402.27            64.0
402.28            70.0
402.29            83.0
402.30            76.0
402.31            54.0
402.32            48.0
402.34            63.0
402.35            68.0
402.36            66.0
402.37            66.0
402.38            56.0
402.39            43.0
402.40            47.0
402.42            42.0
402.43            51.0
402.44            75.0
402.45            91.0
402.46            82.0
402.47            47.0
402.48            40.0
402.50            45.0
402.51            84.0
402.52            88.0
402.53            79.0
402.54            61.0
402.55            63.0
402.56            37.0
402.58             1.0
402.59             4.0
402.60            49.0
402.61            89.0
402.62            93.0
402.63            83.0
402.65            67.0
402.66            70.0
402.67            61.0
402.68            58.0
402.69            52.0
402.70            59.0
402.71            59.0
402.73            62.0
402.74            71.0
402.75            86.0
402.76            81.0
402.77            47.0
402.78            31.0
402.79            41.0
402.81            62.0
402.82            78.0
402.83            63.0
402.84            40.0
402.85            28.0
402.86            46.0
402.87            55.0
402.89            59.0
402.90            51.0
402.91            46.0
402.92            53.0
402.93            71.0
402.94            93.0
402.96            97.0
402.97            94.0
402.98            86.0
402.99            78.0
403.00            54.0
403.01            31.0
403.02            23.0
403.04            28.0
403.05            42.0
403.06            36.0
403.07            21.0
403.08            10.0
403.09            35.0
403.10            63.0
403.12            78.0
403.13            73.0
403.14            59.0
403.15            36.0
403.16            32.0
403.17            41.0
403.18            59.0
403.20            64.0
403.21            75.0
403.22            70.0
403.23            54.0
403.24            45.0
403.25            50.0
403.26            66.0
403.28            71.0
403.29            66.0
403.30            66.0
403.31            45.0
403.32            20.0
403.33            24.0
403.35            56.0
403.36            61.0
403.37            67.0
403.38            84.0
403.39            85.0
403.40            54.0
403.41            35.0
403.43            25.0
403.44            11.0
403.45             9.0
403.46            23.0
403.47            49.0
403.48            57.0
403.49            59.0
403.51            61.0
403.52            55.0
403.53            45.0
403.54            53.0
403.55            77.0
403.56            69.0
403.57            44.0
403.59            31.0
403.60            32.0
403.61            40.0
403.62            58.0
403.63            74.0
403.64            70.0
403.66            67.0
403.67            43.0
403.68            22.0
403.69            29.0
403.70            50.0
403.71            50.0
403.72            43.0
403.74            47.0
403.75            34.0
403.76            34.0
403.77            34.0
403.78            28.0
403.79            20.0
403.80            26.0
403.82            32.0
403.83            35.0
403.84            32.0
403.85            34.0
403.86            55.0
403.87            63.0
403.88            66.0
403.90            62.0
403.91            46.0
403.92            32.0
403.93            45.0
403.94            67.0
403.95            76.0
403.97            74.0
403.98            56.0
403.99            29.0
404.00            16.0
404.01            36.0
404.02            68.0
404.03            76.0
404.05            63.0
404.06            62.0
404.07            83.0
404.08           101.0
404.09            83.0
404.10            65.0
404.11            56.0
404.13            50.0
404.14            31.0
404.15            52.0
404.16            72.0
404.17            76.0
404.18            64.0
404.19            49.0
404.21            36.0
404.22            53.0
404.23            80.0
404.24            86.0
404.25            74.0
404.26            80.0
404.27            86.0
404.29            67.0
404.30            54.0
404.31            51.0
404.32            65.0
404.33            59.0
404.34            65.0
404.36            79.0
404.37            90.0
404.38            98.0
404.39           108.0
404.40            98.0
404.41            50.0
404.42            27.0
404.44            54.0
404.45            68.0
404.46            60.0
404.47            50.0
404.48            39.0
404.49            27.0
404.50            62.0
404.52           103.0
404.53            93.0
404.54            41.0
404.55            40.0
404.56            69.0
404.57            87.0
404.58            59.0
404.60            34.0
404.61            33.0
404.62            53.0
404.63            64.0
404.64            59.0
404.65            51.0
404.67            53.0
404.68            72.0
404.69            98.0
404.70            89.0
404.71            66.0
404.72            76.0
404.73           116.0
404.75           127.0
404.76           101.0
404.77            87.0
404.78            66.0
404.79            55.0
404.80            43.0
404.81            47.0
404.83            44.0
404.84            50.0
404.85            80.0
404.86            94.0
404.87            84.0
404.88            60.0
404.89            58.0
404.91            65.0
404.92            76.0
404.93            83.0
404.94            74.0
404.95            54.0
404.96            41.0
404.98            51.0
404.99            54.0
405.00            66.0
405.01            64.0
405.02            53.0
405.03            36.0
405.04            54.0
405.06            65.0
405.07            69.0
405.08            77.0
405.09            74.0
405.10            31.0
405.11             0.0
405.12             5.0
405.14            52.0
405.15            66.0
405.16            48.0
405.17            52.0
405.18            92.0
405.19           108.0
405.20            77.0
405.22            46.0
405.23            60.0
405.24            87.0
405.25            91.0
405.26            82.0
405.27            73.0
405.29            75.0
405.30            86.0
405.31            99.0
405.32            87.0
405.33            71.0
405.34            52.0
405.35            52.0
405.37            50.0
405.38            49.0
405.39            47.0
405.40            63.0
405.41            73.0
405.42            84.0
405.43           109.0
405.45            96.0
405.46            49.0
405.47            21.0
405.48            47.0
405.49            67.0
405.50            69.0
405.51            75.0
405.53            74.0
405.54            67.0
405.55            68.0
405.56            67.0
405.57            54.0
405.58            44.0
405.59            51.0
405.61            57.0
405.62            76.0
405.63            79.0
405.64            59.0
405.65            52.0
405.66            71.0
405.68            73.0
405.69            47.0
405.70            34.0
405.71            33.0
405.72            23.0
405.73            24.0
405.74            40.0
405.76            53.0
405.77            50.0
405.78            37.0
405.79            16.0
405.80             5.0
405.81            32.0
405.82            57.0
405.84            49.0
405.85            32.0
405.86            36.0
405.87            44.0
405.88            44.0
405.89            38.0
405.90            50.0
405.92            81.0
405.93            99.0
405.94            78.0
405.95            62.0
405.96            65.0
405.97            70.0
405.99            76.0
406.00            69.0
406.01            65.0
406.02            70.0
406.03            87.0
406.04            93.0
406.05            97.0
406.07            90.0
406.08            90.0
406.09            93.0
406.10           104.0
406.11           104.0
406.12           119.0
406.13           131.0
406.15           126.0
406.16            95.0
406.17            94.0
406.18           106.0
406.19           110.0
406.20            79.0
406.21            58.0
406.23            58.0
406.24            87.0
406.25           110.0
406.26           105.0
406.27            78.0
406.28            65.0
406.30            77.0
406.31            85.0
406.32            73.0
406.33            63.0
406.34            59.0
406.35            62.0
406.36            62.0
406.38            63.0
406.39            75.0
406.40            98.0
406.41           111.0
406.42           115.0
406.43           126.0
406.44           119.0
406.46            97.0
406.47            97.0
406.48           116.0
406.49           115.0
406.50            92.0
406.51            86.0
406.52            97.0
406.54           101.0
406.55           100.0
406.56           104.0
406.57            91.0
406.58            69.0
406.59            73.0
406.61            99.0
406.62           125.0
406.63           119.0
406.64            82.0
406.65            54.0
406.66            36.0
406.67            52.0
406.69            70.0
406.70            99.0
406.71            84.0
406.72            74.0
406.73            81.0
406.74            91.0
406.75            82.0
406.77            78.0
406.78            74.0
406.79            61.0
406.80            65.0
406.81            89.0
406.82            91.0
406.83            74.0
406.85            73.0
406.86           100.0
406.87           111.0
406.88           114.0
406.89           102.0
406.90            88.0
406.91            63.0
406.93            58.0
406.94            74.0
406.95            84.0
406.96            86.0
406.97            79.0
406.98            66.0
407.00            51.0
407.01            67.0
407.02            80.0
407.03            64.0
407.04            39.0
407.05            62.0
407.06           106.0
407.08           124.0
407.09            97.0
407.10            80.0
407.11            78.0
407.12            72.0
407.13            67.0
407.14            62.0
407.16            69.0
407.17            80.0
407.18            76.0
407.19            72.0
407.20            86.0
407.21           103.0
407.22            90.0
407.24            81.0
407.25            59.0
407.26            55.0
407.27            79.0
407.28           103.0
407.29            86.0
407.31            64.0
407.32            77.0
407.33            76.0
407.34            61.0
407.35            44.0
407.36            46.0
407.37            51.0
407.39            63.0
407.40            70.0
407.41            71.0
407.42            69.0
407.43            57.0
407.44            50.0
407.45            53.0
407.47            70.0
407.48            67.0
407.49            59.0
407.50            51.0
407.51            60.0
407.52            69.0
407.53            66.0
407.55            52.0
407.56            40.0
407.57            43.0
407.58            49.0
407.59            46.0
407.60            43.0
407.62            39.0
407.63            54.0
407.64            81.0
407.65            96.0
407.66            80.0
407.67            71.0
407.68            85.0
407.70            90.0
407.71            84.0
407.72            87.0
407.73            93.0
407.74            80.0
407.75            48.0
407.76            72.0
407.78           119.0
407.79           136.0
407.80           114.0
407.81            91.0
407.82            75.0
407.83            64.0
407.84            67.0
407.86            60.0
407.87            45.0
407.88            44.0
407.89            65.0
407.90            95.0
407.91            98.0
407.92            81.0
407.94            70.0
407.95            60.0
407.96            50.0
407.97            53.0
407.98            69.0
407.99            86.0
408.01           107.0
408.02           100.0
408.03            83.0
408.04            70.0
408.05            88.0
408.06            69.0
408.07            43.0
408.09            33.0
408.10            66.0
408.11            88.0
408.12            84.0
408.13            62.0
408.14            42.0
408.15            47.0
408.17            70.0
408.18            77.0
408.19            70.0
408.20            62.0
408.21            65.0
408.22            49.0
408.23            49.0
408.25            56.0
408.26            51.0
408.27            37.0
408.28            36.0
408.29            42.0
408.30            45.0
408.32            49.0
408.33            62.0
408.34            80.0
408.35            88.0
408.36            83.0
408.37            68.0
408.38            45.0
408.40            38.0
408.41            49.0
408.42            69.0
408.43            65.0
408.44            57.0
408.45            68.0
408.46            81.0
408.48            71.0
408.49            46.0
408.50            47.0
408.51            52.0
408.52            61.0
408.53            71.0
408.54            82.0
408.56            79.0
408.57            82.0
408.58            90.0
408.59            94.0
408.60            82.0
408.61            64.0
408.63            53.0
408.64            35.0
408.65            29.0
408.66            34.0
408.67            44.0
408.68            61.0
408.69            86.0
408.71            93.0
408.72            73.0
408.73            73.0
408.74            82.0
408.75            54.0
408.76            21.0
408.77            28.0
408.79            56.0
408.80            66.0
408.81            64.0
408.82            48.0
408.83            30.0
408.84            32.0
408.85            49.0
408.87            48.0
408.88            43.0
408.89            36.0
408.90            51.0
408.91            68.0
408.92            73.0
408.94            54.0
408.95            45.0
408.96            65.0
408.97            72.0
408.98            61.0
408.99            46.0
409.00            48.0
409.02            51.0
409.03            47.0
409.04            52.0
409.05            64.0
409.06            69.0
409.07            61.0
409.08            49.0
409.10            29.0
409.11            23.0
409.12            41.0
409.13            63.0
409.14            56.0
409.15            51.0
409.16            72.0
409.18            94.0
409.19            90.0
409.20            49.0
409.21            36.0
409.22            44.0
409.23            74.0
409.24            89.0
409.26            88.0
409.27            79.0
409.28            64.0
409.29            61.0
409.30            68.0
409.31            78.0
409.33            80.0
409.34            91.0
409.35           106.0
409.36            92.0
409.37            57.0
409.38            52.0
409.39            72.0
409.41            86.0
409.42            82.0
409.43            79.0
409.44            88.0
409.45            87.0
409.46            75.0
409.47            52.0
409.49            50.0
409.50            47.0
409.51            52.0
409.52            49.0
409.53            62.0
409.54            81.0
409.55            98.0
409.57            98.0
409.58            83.0
409.59            68.0
409.60            40.0
409.61            14.0
409.62            13.0
409.64            36.0
409.65            57.0
409.66            61.0
409.67            71.0
409.68            48.0
409.69            36.0
409.70            45.0
409.72            67.0
409.73            64.0
409.74            58.0
409.75            52.0
409.76            54.0
409.77            78.0
409.78           107.0
409.80           107.0
409.81            84.0
409.82            81.0
409.83           106.0
409.84           112.0
409.85            95.0
409.86            68.0
409.88            57.0
409.89            36.0
409.90            29.0
409.91            60.0
409.92           122.0
409.93           170.0
409.95           182.0
409.96           222.0
409.97           306.0
409.98           406.0
409.99           514.0
410.00           641.0
410.01           767.0
410.03           873.0
410.04           995.0
410.05           1113.0
410.06           1184.0
410.07           1196.0
410.08           1163.0
410.09           1085.0
410.11           954.0
410.12           806.0
410.13           675.0
410.14           573.0
410.15           458.0
410.16           336.0
410.17           247.0
410.19           200.0
410.20           161.0
410.21           128.0
410.22            98.0
410.23            80.0
410.24            75.0
410.26            75.0
410.27            66.0
410.28            61.0
410.29            55.0
410.30            52.0
410.31            72.0
410.32            97.0
410.34            96.0
410.35            68.0
410.36            50.0
410.37            37.0
410.38            49.0
410.39            69.0
410.40            97.0
410.42            92.0
410.43            76.0
410.44            58.0
410.45            51.0
410.46            51.0
410.47            66.0
410.48            79.0
410.50            76.0
410.51            61.0
410.52            72.0
410.53            83.0
410.54            78.0
410.55            70.0
410.56           102.0
410.58           138.0
410.59           134.0
410.60            80.0
410.61            29.0
410.62            33.0
410.63            76.0
410.65            88.0
410.66            64.0
410.67            46.0
410.68            56.0
410.69            64.0
410.70            61.0
410.71            57.0
410.73            43.0
410.74            32.0
410.75            41.0
410.76            63.0
410.77            83.0
410.78            73.0
410.79            58.0
410.81            47.0
410.82            56.0
410.83            54.0
410.84            67.0
410.85            86.0
410.86            81.0
410.87            62.0
410.89            47.0
410.90            47.0
410.91            45.0
410.92            60.0
410.93            79.0
410.94           108.0
410.96           108.0
410.97            89.0
410.98            81.0
410.99            87.0
411.00            85.0
411.01            71.0
411.02            75.0
411.04            68.0
411.05            68.0
411.06            70.0
411.07            74.0
411.08            71.0
411.09            65.0
411.10            58.0
411.12            51.0
411.13            65.0
411.14            70.0
411.15            69.0
411.16            64.0
411.17            74.0
411.18            86.0
411.20            94.0
411.21            80.0
411.22            67.0
411.23            53.0
411.24            44.0
411.25            40.0
411.27            50.0
411.28            48.0
411.29            50.0
411.30            46.0
411.31            58.0
411.32            84.0
411.33           105.0
411.35           101.0
411.36            77.0
411.37            72.0
411.38            70.0
411.39            85.0
411.40            97.0
411.41            97.0
411.43            71.0
411.44            67.0
411.45            73.0
411.46            60.0
411.47            46.0
411.48            63.0
411.49           102.0
411.51           116.0
411.52           100.0
411.53            70.0
411.54            57.0
411.55            54.0
411.56            57.0
411.57            82.0
411.59            97.0
411.60            84.0
411.61            73.0
411.62            79.0
411.63            89.0
411.64            73.0
411.66            73.0
411.67            74.0
411.68            61.0
411.69            44.0
411.70            47.0
411.71            62.0
411.72            60.0
411.74            67.0
411.75            56.0
411.76            53.0
411.77            64.0
411.78            70.0
411.79            59.0
411.80            75.0
411.82            95.0
411.83            82.0
411.84            60.0
411.85            64.0
411.86            61.0
411.87            55.0
411.88            59.0
411.90            58.0
411.91            49.0
411.92            32.0
411.93            51.0
411.94            76.0
411.95            88.0
411.97            74.0
411.98            73.0
411.99            90.0
412.00            79.0
412.01            62.0
412.02            40.0
412.03            31.0
412.05            35.0
412.06            56.0
412.07            63.0
412.08            49.0
412.09            45.0
412.10            61.0
412.11            68.0
412.13            67.0
412.14            67.0
412.15            67.0
412.16            56.0
412.17            61.0
412.18            78.0
412.19            62.0
412.21            32.0
412.22            41.0
412.23            88.0
412.24            99.0
412.25            79.0
412.26            62.0
412.28            55.0
412.29            49.0
412.30            42.0
412.31            55.0
412.32            82.0
412.33            92.0
412.34            78.0
412.36            70.0
412.37            67.0
412.38            59.0
412.39            48.0
412.40            59.0
412.41            61.0
412.42            54.0
412.44            53.0
412.45            73.0
412.46            92.0
412.47            96.0
412.48            87.0
412.49            58.0
412.50            34.0
412.52            57.0
412.53            82.0
412.54            75.0
412.55            62.0
412.56            79.0
412.57            85.0
412.59            78.0
412.60            73.0
412.61            74.0
412.62            77.0
412.63            67.0
412.64            52.0
412.65            67.0
412.67           116.0
412.68           137.0
412.69           116.0
412.70            86.0
412.71            82.0
412.72            82.0
412.73            71.0
412.75            69.0
412.76            74.0
412.77            65.0
412.78            37.0
412.79            24.0
412.80            40.0
412.81            73.0
412.83            81.0
412.84            61.0
412.85            39.0
412.86            28.0
412.87            42.0
412.88            56.0
412.89            60.0
412.91            50.0
412.92            69.0
412.93            82.0
412.94            89.0
412.95            67.0
412.96            46.0
412.98            40.0
412.99            58.0
413.00            59.0
413.01            46.0
413.02            47.0
413.03            47.0
413.04            48.0
413.06            60.0
413.07            76.0
413.08            72.0
413.09            67.0
413.10            68.0
413.11            69.0
413.12            73.0
413.14            90.0
413.15            89.0
413.16            72.0
413.17            51.0
413.18            65.0
413.19            91.0
413.20           102.0
413.22            85.0
413.23            66.0
413.24            53.0
413.25            57.0
413.26            76.0
413.27            84.0
413.29            79.0
413.30            58.0
413.31            41.0
413.32            45.0
413.33            72.0
413.34            73.0
413.35            57.0
413.37            43.0
413.38            58.0
413.39            60.0
413.40            65.0
413.41            65.0
413.42            54.0
413.43            27.0
413.45            17.0
413.46            23.0
413.47            39.0
413.48            78.0
413.49           108.0
413.50            99.0
413.51            76.0
413.53            67.0
413.54            63.0
413.55            58.0
413.56            58.0
413.57            55.0
413.58            55.0
413.60            70.0
413.61            90.0
413.62            94.0
413.63            87.0
413.64            70.0
413.65            67.0
413.66            65.0
413.68            77.0
413.69            67.0
413.70            60.0
413.71            60.0
413.72            79.0
413.73            64.0
413.74            32.0
413.76            23.0
413.77            45.0
413.78            41.0
413.79            37.0
413.80            42.0
413.81            44.0
413.82            57.0
413.84            76.0
413.85            85.0
413.86            84.0
413.87            87.0
413.88            89.0
413.89            94.0
413.90           103.0
413.92           100.0
413.93            86.0
413.94            74.0
413.95            60.0
413.96            71.0
413.97            78.0
413.99            85.0
414.00            78.0
414.01            80.0
414.02            84.0
414.03            86.0
414.04            84.0
414.05            69.0
414.07            88.0
414.08           107.0
414.09           121.0
414.10           108.0
414.11            97.0
414.12            77.0
414.13            69.0
414.15            67.0
414.16            61.0
414.17            28.0
414.18            35.0
414.19            34.0
414.20            36.0
414.21            45.0
414.23            78.0
414.24            88.0
414.25            89.0
414.26            85.0
414.27            55.0
414.28            44.0
414.30            93.0
414.31           137.0
414.32           132.0
414.33           108.0
414.34            97.0
414.35            90.0
414.36            89.0
414.38            81.0
414.39            57.0
414.40            59.0
414.41            85.0
414.42            99.0
414.43            88.0
414.44            57.0
414.46            47.0
414.47            75.0
414.48           104.0
414.49            82.0
414.50            65.0
414.51            71.0
414.52            76.0
414.54            65.0
414.55            71.0
414.56           100.0
414.57           123.0
414.58           106.0
414.59            75.0
414.61            71.0
414.62            88.0
414.63            84.0
414.64            79.0
414.65            87.0
414.66            99.0
414.67            89.0
414.69            73.0
414.70            68.0
414.71            76.0
414.72            86.0
414.73            96.0
414.74           101.0
414.75           110.0
414.77           109.0
414.78           102.0
414.79           101.0
414.80            99.0
414.81            97.0
414.82            89.0
414.83            80.0
414.85            76.0
414.86           100.0
414.87           114.0
414.88           100.0
414.89            71.0
414.90            67.0
414.92            77.0
414.93            97.0
414.94            91.0
414.95            75.0
414.96            78.0
414.97            91.0
414.98            82.0
415.00            61.0
415.01            52.0
415.02            64.0
415.03            71.0
415.04            55.0
415.05            38.0
415.06            59.0
415.08            72.0
415.09            69.0
415.10            70.0
415.11            96.0
415.12            96.0
415.13            72.0
415.14            69.0
415.16            87.0
415.17           107.0
415.18           102.0
415.19            79.0
415.20            60.0
415.21            58.0
415.22            73.0
415.24            92.0
415.25           102.0
415.26            95.0
415.27            68.0
415.28            63.0
415.29            78.0
415.31            80.0
415.32            59.0
415.33            62.0
415.34            63.0
415.35            53.0
415.36            25.0
415.37            15.0
415.39             8.0
415.40            20.0
415.41            37.0
415.42            50.0
415.43            69.0
415.44            78.0
415.45            69.0
415.47            57.0
415.48            58.0
415.49            75.0
415.50            89.0
415.51            92.0
415.52            79.0
415.53            75.0
415.55            68.0
415.56            55.0
415.57            52.0
415.58            70.0
415.59            90.0
415.60            91.0
415.62            76.0
415.63            67.0
415.64            78.0
415.65           101.0
415.66            98.0
415.67           108.0
415.68           116.0
415.70           126.0
415.71           112.0
415.72           106.0
415.73            79.0
415.74            60.0
415.75            54.0
415.76            66.0
415.78            80.0
415.79            86.0
415.80            89.0
415.81            82.0
415.82            71.0
415.83            53.0
415.84            65.0
415.86            77.0
415.87            93.0
415.88            89.0
415.89            84.0
415.90            60.0
415.91            73.0
415.93            97.0
415.94           125.0
415.95           107.0
415.96           116.0
415.97           121.0
415.98           124.0
415.99           108.0
416.01            95.0
416.02            83.0
416.03            82.0
416.04            75.0
416.05            52.0
416.06            46.0
416.07            55.0
416.09            52.0
416.10            55.0
416.11            74.0
416.12            80.0
416.13            64.0
416.14            56.0
416.15            59.0
416.17            67.0
416.18            64.0
416.19            86.0
416.20           100.0
416.21           109.0
416.22            97.0
416.24            90.0
416.25            71.0
416.26            69.0
416.27            95.0
416.28           111.0
416.29            96.0
416.30            78.0
416.32            65.0
416.33            60.0
416.34            73.0
416.35           108.0
416.36           118.0
416.37           112.0
416.38           104.0
416.40           104.0
416.41           101.0
416.42            95.0
416.43            73.0
416.44            61.0
416.45            66.0
416.46            68.0
416.48            66.0
416.49            71.0
416.50            80.0
416.51            75.0
416.52            82.0
416.53            94.0
416.54            75.0
416.56            61.0
416.57            68.0
416.58            72.0
416.59            46.0
416.60            43.0
416.61            57.0
416.63            54.0
416.64            43.0
416.65            51.0
416.66            69.0
416.67            81.0
416.68            83.0
416.69            79.0
416.71           2296.0
416.72           2296.0
