429.56            11.0
429.57             0.0
429.58             0.0
429.59             0.0
429.60             0.0
429.61             0.0
429.62             0.0
429.63             0.0
429.65             7.0
429.66            32.0
429.67            44.0
429.68            35.0
429.69            18.0
429.70            17.0
429.71            24.0
429.72            26.0
429.74            18.0
429.75            15.0
429.76            10.0
429.77             2.0
429.78             0.0
429.79             3.0
429.80             5.0
429.81            12.0
429.82            25.0
429.84            30.0
429.85            19.0
429.86            10.0
429.87             0.0
429.88             0.0
429.89             0.0
429.90             0.0
429.91             0.0
429.93             4.0
429.94            14.0
429.95            13.0
429.96            11.0
429.97            27.0
429.98            27.0
429.99            35.0
430.00            41.0
430.02            25.0
430.03             0.0
430.04             0.0
430.05             1.0
430.06             0.0
430.07             0.0
430.08             5.0
430.09             7.0
430.11             0.0
430.12             0.0
430.13             0.0
430.14             6.0
430.15             7.0
430.16            21.0
430.17            20.0
430.18            23.0
430.19            21.0
430.21            28.0
430.22            26.0
430.23            12.0
430.24             1.0
430.25             0.0
430.26             0.0
430.27             0.0
430.28             0.0
430.30            29.0
430.31            31.0
430.32            28.0
430.33            46.0
430.34            54.0
430.35            23.0
430.36             0.0
430.37             0.0
430.39             2.0
430.40            16.0
430.41            12.0
430.42             0.0
430.43             0.0
430.44             0.0
430.45             0.0
430.46             7.0
430.47            12.0
430.49            28.0
430.50            20.0
430.51             0.0
430.52             0.0
430.53             0.0
430.54             0.0
430.55             0.0
430.56             0.0
430.58             0.0
430.59             4.0
430.60             5.0
430.61             0.0
430.62             0.0
430.63             5.0
430.64            17.0
430.65            11.0
430.67             0.0
430.68             0.0
430.69             0.0
430.70             0.0
430.71             0.0
430.72            13.0
430.73            20.0
430.74             8.0
430.75             5.0
430.77             6.0
430.78            22.0
430.79            44.0
430.80            44.0
430.81            19.0
430.82             0.0
430.83             0.0
430.84             6.0
430.86            14.0
430.87             0.0
430.88             0.0
430.89             0.0
430.90             0.0
430.91             0.0
430.92             0.0
430.93             0.0
430.95             9.0
430.96            18.0
430.97            14.0
430.98             3.0
430.99             4.0
431.00            13.0
431.01            18.0
431.02             0.0
431.04             0.0
431.05            11.0
431.06            22.0
431.07             9.0
431.08             0.0
431.09             0.0
431.10             0.0
431.11             0.0
431.12             1.0
431.14            10.0
431.15             0.0
431.16             0.0
431.17             0.0
431.18            15.0
431.19            23.0
431.20            20.0
431.21            14.0
431.23             2.0
431.24             0.0
431.25             0.0
431.26             0.0
431.27             0.0
431.28             0.0
431.29            10.0
431.30            22.0
431.32            32.0
431.33            30.0
431.34            35.0
431.35            36.0
431.36            33.0
431.37            21.0
431.38            10.0
431.39            22.0
431.40            33.0
431.42            22.0
431.43             4.0
431.44            12.0
431.45            25.0
431.46            22.0
431.47            26.0
431.48            27.0
431.49            18.0
431.51             0.0
431.52             0.0
431.53             0.0
431.54             0.0
431.55             0.0
431.56             0.0
431.57             0.0
431.58             0.0
431.60             0.0
431.61             0.0
431.62            14.0
431.63            21.0
431.64            19.0
431.65            10.0
431.66             0.0
431.67             0.0
431.69             0.0
431.70            14.0
431.71            19.0
431.72            30.0
431.73            16.0
431.74             9.0
431.75             0.0
431.76             0.0
431.77             0.0
431.79             3.0
431.80            20.0
431.81            33.0
431.82            48.0
431.83            20.0
431.84             0.0
431.85             0.0
431.86            12.0
431.88            18.0
431.89            12.0
431.90             6.0
431.91            21.0
431.92            32.0
431.93            21.0
431.94             1.0
431.95             2.0
431.97            19.0
431.98            29.0
431.99            24.0
432.00            12.0
432.01             2.0
432.02             9.0
432.03             8.0
432.04             0.0
432.05             0.0
432.07             0.0
432.08             0.0
432.09             0.0
432.10             0.0
432.11             0.0
432.12             0.0
432.13             0.0
432.14             0.0
432.16            15.0
432.17            24.0
432.18            21.0
432.19             8.0
432.20             0.0
432.21             0.0
432.22             0.0
432.23             0.0
432.25             9.0
432.26             6.0
432.27             9.0
432.28             0.0
432.29             0.0
432.30             0.0
432.31             3.0
432.32            18.0
432.34            24.0
432.35            17.0
432.36             4.0
432.37            22.0
432.38            36.0
432.39            19.0
432.40             0.0
432.41             0.0
432.42             0.0
432.44             0.0
432.45             6.0
432.46            22.0
432.47            31.0
432.48            21.0
432.49             0.0
432.50             0.0
432.51             0.0
432.53             0.0
432.54             0.0
432.55             0.0
432.56             0.0
432.57             0.0
432.58             4.0
432.59             4.0
432.60             8.0
432.62            19.0
432.63            18.0
432.64             0.0
432.65             0.0
432.66             0.0
432.67             0.0
432.68             0.0
432.69             0.0
432.70             0.0
432.72             0.0
432.73             0.0
432.74            14.0
432.75            28.0
432.76            24.0
432.77             6.0
432.78             0.0
432.79             9.0
432.81            20.0
432.82            24.0
432.83            26.0
432.84            19.0
432.85            10.0
432.86             0.0
432.87             0.0
432.88            14.0
432.90            29.0
432.91            15.0
432.92            13.0
432.93            20.0
432.94            10.0
432.95             0.0
432.96             0.0
432.97             0.0
432.99             5.0
433.00            13.0
433.01             0.0
433.02             0.0
433.03             0.0
433.04             8.0
433.05            22.0
433.06            24.0
433.07            20.0
433.09            16.0
433.10            19.0
433.11            24.0
433.12            37.0
433.13            22.0
433.14             0.0
433.15             0.0
433.16            15.0
433.18            33.0
433.19            34.0
433.20            29.0
433.21            11.0
433.22             2.0
433.23             0.0
433.24             6.0
433.25             8.0
433.27             8.0
433.28             0.0
433.29             0.0
433.30             0.0
433.31             4.0
433.32            16.0
433.33            11.0
433.34            18.0
433.35            33.0
433.37            34.0
433.38            20.0
433.39            21.0
433.40            22.0
433.41            35.0
433.42            35.0
433.43            26.0
433.44            13.0
433.46            18.0
433.47            19.0
433.48             8.0
433.49             0.0
433.50            10.0
433.51            31.0
433.52            39.0
433.53            24.0
433.55            20.0
433.56            26.0
433.57            27.0
433.58            14.0
433.59             0.0
433.60             0.0
433.61             0.0
433.62             0.0
433.64            37.0
433.65            46.0
433.66            19.0
433.67             0.0
433.68            21.0
433.69            33.0
433.70            22.0
433.71            17.0
433.72             5.0
433.74             0.0
433.75             0.0
433.76             1.0
433.77             3.0
433.78             0.0
433.79            12.0
433.80            24.0
433.81            10.0
433.83             0.0
433.84             9.0
433.85            29.0
433.86            45.0
433.87            42.0
433.88            29.0
433.89            24.0
433.90            39.0
433.92            58.0
433.93            64.0
433.94            53.0
433.95            29.0
433.96            14.0
433.97            34.0
433.98            54.0
433.99            47.0
434.00            28.0
434.02            46.0
434.03           122.0
434.04           285.0
434.05           555.0
434.06           889.0
434.07           1231.0
434.08           1549.0
434.09           1846.0
434.11           2090.0
434.12           2277.0
434.13           2322.0
434.14           2168.0
434.15           1823.0
434.16           1415.0
434.17           1036.0
434.18           713.0
434.20           450.0
434.21           240.0
434.22           109.0
434.23            59.0
434.24            55.0
434.25            60.0
434.26            52.0
434.27            54.0
434.29            47.0
434.30            38.0
434.31            28.0
434.32            21.0
434.33            19.0
434.34            36.0
434.35            58.0
434.36            49.0
434.37            31.0
434.39            12.0
434.40             5.0
434.41             1.0
434.42            17.0
434.43            30.0
434.44            35.0
434.45            24.0
434.46            12.0
434.48             9.0
434.49            15.0
434.50            27.0
434.51            22.0
434.52             2.0
434.53             0.0
434.54             3.0
434.55            27.0
434.57            44.0
434.58            28.0
434.59             0.0
434.60             0.0
434.61             3.0
434.62            30.0
434.63            47.0
434.64            44.0
434.65            23.0
434.67            12.0
434.68            24.0
434.69            27.0
434.70            31.0
434.71            26.0
434.72            26.0
434.73            19.0
434.74            18.0
434.76             7.0
434.77             0.0
434.78             0.0
434.79            24.0
434.80            30.0
434.81            21.0
434.82            18.0
434.83            26.0
434.85            31.0
434.86            31.0
434.87            36.0
434.88            42.0
434.89            50.0
434.90            45.0
434.91            30.0
434.92            12.0
434.93             0.0
434.95             0.0
434.96             7.0
434.97            22.0
434.98            22.0
434.99            26.0
435.00            38.0
435.01            37.0
435.02            25.0
435.04            23.0
435.05            28.0
435.06            15.0
435.07             3.0
435.08             8.0
435.09             3.0
435.10             3.0
435.11            13.0
435.13            28.0
435.14             5.0
435.15             0.0
435.16             0.0
435.17            21.0
435.18            25.0
435.19            19.0
435.20            18.0
435.22            25.0
435.23            34.0
435.24            30.0
435.25            24.0
435.26            12.0
435.27            30.0
435.28            44.0
435.29            29.0
435.30             0.0
435.32             2.0
435.33            22.0
435.34            39.0
435.35            27.0
435.36             6.0
435.37             2.0
435.38            27.0
435.39            34.0
435.41            14.0
435.42             0.0
435.43             5.0
435.44            17.0
435.45             2.0
435.46             0.0
435.47            18.0
435.48            41.0
435.50            33.0
435.51            25.0
435.52            30.0
435.53            22.0
435.54            26.0
435.55            41.0
435.56            48.0
435.57            21.0
435.58             0.0
435.60             0.0
435.61            16.0
435.62            40.0
435.63            51.0
435.64            55.0
435.65            50.0
435.66            35.0
435.67            16.0
435.69             2.0
435.70             0.0
435.71             0.0
435.72            22.0
435.73            47.0
435.74            44.0
435.75            17.0
435.76             0.0
435.78             0.0
435.79            14.0
435.80            35.0
435.81            37.0
435.82            31.0
435.83            21.0
435.84            19.0
435.85            15.0
435.87            17.0
435.88            18.0
435.89            17.0
435.90            19.0
435.91            35.0
435.92            52.0
435.93            53.0
435.94            46.0
435.95            37.0
435.97            10.0
435.98             0.0
435.99             0.0
436.00            28.0
436.01            29.0
436.02            16.0
436.03             1.0
436.04             3.0
436.06             0.0
436.07             9.0
436.08            16.0
436.09            24.0
436.10            17.0
436.11            10.0
436.12             4.0
436.13            14.0
436.15            25.0
436.16            30.0
436.17            15.0
436.18             6.0
436.19            16.0
436.20            40.0
436.21            43.0
436.22            40.0
436.23            41.0
436.25            33.0
436.26            20.0
436.27            14.0
436.28            14.0
436.29            20.0
436.30            28.0
436.31            19.0
436.32             7.0
436.34             9.0
436.35            16.0
436.36            12.0
436.37            20.0
436.38            38.0
436.39            51.0
436.40            51.0
436.41            35.0
436.43            11.0
436.44             0.0
436.45             5.0
436.46            25.0
436.47            33.0
436.48            27.0
436.49            20.0
436.50            15.0
436.52             7.0
436.53             5.0
436.54             2.0
436.55            10.0
436.56            12.0
436.57            17.0
436.58             3.0
436.59             0.0
436.60             0.0
436.62             0.0
436.63             5.0
436.64            14.0
436.65            34.0
436.66            33.0
436.67            22.0
436.68            14.0
436.69            17.0
436.71            22.0
436.72            15.0
436.73             0.0
436.74             0.0
436.75             0.0
436.76            18.0
436.77            29.0
436.78            14.0
436.80            11.0
436.81            17.0
436.82            19.0
436.83             6.0
436.84             0.0
436.85             9.0
436.86            19.0
436.87            17.0
436.88            27.0
436.90            33.0
436.91            40.0
436.92            30.0
436.93            33.0
436.94            27.0
436.95            35.0
436.96            33.0
436.97            28.0
436.99            22.0
437.00            29.0
437.01            12.0
437.02             0.0
437.03             0.0
437.04             0.0
437.05             0.0
437.06             0.0
437.08            16.0
437.09            32.0
437.10            21.0
437.11             0.0
437.12             0.0
437.13             0.0
437.14             0.0
437.15            17.0
437.17            28.0
437.18            22.0
437.19             1.0
437.20             0.0
437.21             6.0
437.22            27.0
437.23            35.0
437.24            18.0
437.25             5.0
437.27             1.0
437.28             0.0
437.29             0.0
437.30             0.0
437.31             0.0
437.32            12.0
437.33            29.0
437.34            27.0
437.36             7.0
437.37             0.0
437.38             0.0
437.39             0.0
437.40             0.0
437.41             0.0
437.42             0.0
437.43             0.0
437.45             0.0
437.46             0.0
437.47             0.0
437.48             0.0
437.49             0.0
437.50             0.0
437.51             3.0
437.52            22.0
437.53            33.0
437.55            38.0
437.56            47.0
437.57            34.0
437.58            18.0
437.59             4.0
437.60             3.0
437.61             0.0
437.62             0.0
437.64             0.0
437.65             0.0
437.66             1.0
437.67            19.0
437.68            27.0
437.69            24.0
437.70             4.0
437.71             0.0
437.73             0.0
437.74             1.0
437.75             4.0
437.76             0.0
437.77             0.0
437.78             0.0
437.79             0.0
437.80             0.0
437.82             0.0
437.83             2.0
437.84             8.0
437.85             3.0
437.86            11.0
437.87            19.0
437.88            18.0
437.89            11.0
437.90             9.0
437.92             1.0
437.93             0.0
437.94             6.0
437.95            12.0
437.96            11.0
437.97             7.0
437.98            11.0
437.99             8.0
438.01             0.0
438.02             0.0
438.03             0.0
438.04             0.0
438.05            16.0
438.06            16.0
438.07            14.0
438.08            15.0
438.10            18.0
438.11            15.0
438.12            13.0
438.13             5.0
438.14            18.0
438.15            31.0
438.16            28.0
438.17             7.0
438.18             0.0
438.20             0.0
438.21             0.0
438.22             9.0
438.23             3.0
438.24             0.0
438.25             0.0
438.26            11.0
438.27            16.0
438.29            16.0
438.30            24.0
438.31            36.0
438.32            42.0
438.33            20.0
438.34            10.0
438.35             0.0
438.36             4.0
438.38            11.0
438.39            26.0
438.40            23.0
438.41            17.0
438.42            33.0
438.43            42.0
438.44            39.0
438.45            16.0
438.47             6.0
438.48             6.0
438.49            12.0
438.50            13.0
438.51            23.0
438.52            23.0
438.53            14.0
438.54             1.0
438.55             0.0
438.57             3.0
438.58             8.0
438.59             9.0
438.60             9.0
438.61             2.0
438.62             0.0
438.63             0.0
438.64             0.0
438.66             6.0
438.67            17.0
438.68            16.0
438.69            12.0
438.70            11.0
438.71             0.0
438.72             0.0
438.73             0.0
438.75            32.0
438.76            39.0
438.77            27.0
438.78             9.0
438.79             3.0
438.80             0.0
438.81             0.0
438.82             7.0
438.83            12.0
438.85             0.0
438.86             0.0
438.87             9.0
438.88            18.0
438.89            15.0
438.90             5.0
438.91             7.0
438.92             6.0
438.94            16.0
438.95            23.0
438.96            11.0
438.97             0.0
438.98             4.0
438.99             6.0
439.00             0.0
439.01             0.0
439.03            21.0
439.04            41.0
439.05            43.0
439.06            30.0
439.07            16.0
439.08            10.0
439.09            18.0
439.10            32.0
439.11            53.0
439.13            47.0
439.14            33.0
439.15            10.0
439.16             0.0
439.17             4.0
439.18            19.0
439.19            35.0
439.20            36.0
439.22            23.0
439.23            15.0
439.24            22.0
439.25            44.0
439.26            46.0
439.27            35.0
439.28            15.0
439.29            25.0
439.31            43.0
439.32            29.0
439.33             0.0
439.34             0.0
439.35             0.0
439.36             2.0
439.37            15.0
439.38            21.0
439.40            22.0
439.41            19.0
439.42            10.0
439.43             5.0
439.44            20.0
439.45            22.0
439.46            31.0
439.47            35.0
439.48            53.0
439.50            48.0
439.51            36.0
439.52            20.0
439.53            17.0
439.54            34.0
439.55            40.0
439.56            36.0
439.57            27.0
439.59            33.0
439.60            37.0
439.61            39.0
439.62            44.0
439.63            48.0
439.64            46.0
439.65            38.0
439.66            41.0
439.68            33.0
439.69            20.0
439.70             6.0
439.71             9.0
439.72            10.0
439.73            15.0
439.74            15.0
439.75            29.0
439.76            54.0
439.78            79.0
439.79            64.0
439.80            50.0
439.81            52.0
439.82            62.0
439.83            51.0
439.84            37.0
439.85            29.0
439.87            35.0
439.88            29.0
439.89            16.0
439.90            14.0
439.91            30.0
439.92            29.0
439.93            16.0
439.94             9.0
439.96            19.0
439.97            24.0
439.98            37.0
439.99            45.0
440.00            43.0
440.01            39.0
440.02            43.0
440.03            29.0
440.05             9.0
440.06             0.0
440.07             2.0
440.08            10.0
440.09            40.0
440.10            62.0
440.11            50.0
440.12            15.0
440.13             0.0
440.15             3.0
440.16            25.0
440.17            44.0
440.18            45.0
440.19            44.0
440.20            44.0
440.21            41.0
440.22            30.0
440.24            32.0
440.25            36.0
440.26            38.0
440.27            46.0
440.28            37.0
440.29            38.0
440.30            43.0
440.31            46.0
440.33            45.0
440.34            37.0
440.35            24.0
440.36            16.0
440.37            26.0
440.38            35.0
440.39            39.0
440.40            29.0
440.41            15.0
440.43            14.0
440.44            24.0
440.45            29.0
440.46            21.0
440.47            28.0
440.48            46.0
440.49            56.0
440.50            46.0
440.52            24.0
440.53             6.0
440.54             7.0
440.55            18.0
440.56            40.0
440.57            56.0
440.58            50.0
440.59            14.0
440.61             0.0
440.62            20.0
440.63            49.0
440.64            51.0
440.65            28.0
440.66            22.0
440.67            38.0
440.68            27.0
440.70             0.0
440.71             0.0
440.72             7.0
440.73            23.0
440.74            17.0
440.75            19.0
440.76            25.0
440.77            43.0
440.78            46.0
440.80            57.0
440.81            57.0
440.82            53.0
440.83            44.0
440.84            36.0
440.85            25.0
440.86            17.0
440.87            23.0
440.89            18.0
440.90             7.0
440.91             3.0
440.92            36.0
440.93            47.0
440.94            33.0
440.95             5.0
440.96             5.0
440.98            13.0
440.99            17.0
441.00            24.0
441.01            37.0
441.02            47.0
441.03            43.0
441.04            43.0
441.05            51.0
441.06            52.0
441.08            46.0
441.09            39.0
441.10            14.0
441.11            11.0
441.12            27.0
441.13            51.0
441.14            33.0
441.15            25.0
441.17            17.0
441.18            17.0
441.19            36.0
441.20            70.0
441.21            76.0
441.22            69.0
441.23            61.0
441.24            58.0
441.26            44.0
441.27            36.0
441.28            27.0
441.29            25.0
441.30            31.0
441.31            35.0
441.32            53.0
441.33            69.0
441.35            63.0
441.36            41.0
441.37            21.0
441.38            21.0
441.39             5.0
441.40             0.0
441.41             7.0
441.42            33.0
441.43            47.0
441.45            47.0
441.46            44.0
441.47            36.0
441.48            40.0
441.49            49.0
441.50            56.0
441.51            46.0
441.52            33.0
441.54            22.0
441.55            24.0
441.56            14.0
441.57            14.0
441.58            24.0
441.59            35.0
441.60            35.0
441.61            31.0
441.63            38.0
441.64            37.0
441.65            33.0
441.66            23.0
441.67            21.0
441.68            34.0
441.69            43.0
441.70            49.0
441.71            51.0
441.73            64.0
441.74            58.0
441.75            44.0
441.76            22.0
441.77            22.0
441.78            25.0
441.79            19.0
441.80             0.0
441.82             6.0
441.83            22.0
441.84            30.0
441.85            24.0
441.86            31.0
441.87            39.0
441.88            39.0
441.89            21.0
441.91             5.0
441.92             0.0
441.93             0.0
441.94             4.0
441.95            21.0
441.96            39.0
441.97            31.0
441.98            13.0
442.00             0.0
442.01            24.0
442.02            40.0
442.03            37.0
442.04            16.0
442.05            18.0
442.06            23.0
442.07            18.0
442.08             6.0
442.10            15.0
442.11            36.0
442.12            42.0
442.13            28.0
442.14            18.0
442.15            19.0
442.16            23.0
442.17            33.0
442.19            37.0
442.20            37.0
442.21            30.0
442.22            37.0
442.23            47.0
442.24            43.0
442.25            24.0
442.26            16.0
442.28            31.0
442.29            32.0
442.30            19.0
442.31             0.0
442.32             0.0
442.33            11.0
442.34            34.0
442.35            40.0
442.36            28.0
442.38            20.0
442.39            13.0
442.40             7.0
442.41             0.0
442.42             0.0
442.43            24.0
442.44            53.0
442.45            53.0
442.47            27.0
442.48             4.0
442.49             5.0
442.50             4.0
442.51             0.0
442.52             0.0
442.53             0.0
442.54            16.0
442.56            23.0
442.57            24.0
442.58            19.0
442.59            19.0
442.60            17.0
442.61            25.0
442.62            23.0
442.63            18.0
442.65            19.0
442.66            19.0
442.67            22.0
442.68            23.0
442.69            29.0
442.70            22.0
442.71            13.0
442.72             0.0
442.73             3.0
442.75            17.0
442.76            18.0
442.77            15.0
442.78            11.0
442.79            13.0
442.80             5.0
442.81            12.0
442.82            23.0
442.84            34.0
442.85            29.0
442.86            12.0
442.87             0.0
442.88             0.0
442.89             8.0
442.90            22.0
442.91            22.0
442.93            16.0
442.94            25.0
442.95            30.0
442.96            39.0
442.97            40.0
442.98            36.0
442.99            24.0
443.00            27.0
443.01            20.0
443.03            22.0
443.04            11.0
443.05            16.0
443.06            17.0
443.07            34.0
443.08            24.0
443.09             0.0
443.10             0.0
443.12             4.0
443.13            37.0
443.14            47.0
443.15            31.0
443.16            11.0
443.17            16.0
443.18            28.0
443.19            27.0
443.21            14.0
443.22             7.0
443.23            15.0
443.24            19.0
443.25            20.0
443.26            23.0
443.27            21.0
443.28            16.0
443.29            12.0
443.31            12.0
443.32            13.0
443.33            24.0
443.34            28.0
443.35            13.0
443.36             0.0
443.37             4.0
443.38            32.0
443.40            46.0
443.41            41.0
443.42            31.0
443.43            28.0
443.44            23.0
443.45            40.0
443.46            53.0
443.47            53.0
443.49            29.0
443.50            24.0
443.51            31.0
443.52            37.0
443.53            19.0
443.54            10.0
443.55            26.0
443.56            29.0
443.58             8.0
443.59             0.0
443.60             9.0
443.61            12.0
443.62             4.0
443.63            17.0
443.64            47.0
443.65            64.0
443.66            53.0
443.68            29.0
443.69            23.0
443.70            30.0
443.71            44.0
443.72            45.0
443.73            37.0
443.74            19.0
443.75            17.0
443.77            20.0
443.78            32.0
443.79            27.0
443.80            19.0
443.81            15.0
443.82            20.0
443.83            28.0
443.84            26.0
443.86            27.0
443.87            24.0
443.88            31.0
443.89            28.0
443.90            13.0
443.91             2.0
443.92            16.0
443.93            20.0
443.94             8.0
443.96             8.0
443.97            36.0
443.98            60.0
443.99            44.0
444.00            24.0
444.01            14.0
444.02            22.0
444.03            16.0
444.05             0.0
444.06             0.0
444.07             0.0
444.08             0.0
444.09             8.0
444.10            37.0
444.11            53.0
444.12            37.0
444.14             7.0
444.15             0.0
444.16             1.0
444.17             4.0
444.18            11.0
444.19            18.0
444.20            24.0
444.21            20.0
444.23             0.0
444.24             0.0
444.25             0.0
444.26            13.0
444.27            14.0
444.28             8.0
444.29            10.0
444.30             9.0
444.31             4.0
444.33             7.0
444.34            16.0
444.35            31.0
444.36            37.0
444.37            33.0
444.38            20.0
444.39             1.0
444.40             0.0
444.42             4.0
444.43            19.0
444.44            33.0
444.45            46.0
444.46            32.0
444.47            17.0
444.48            22.0
444.49            46.0
444.51            41.0
444.52            32.0
444.53            19.0
444.54            21.0
444.55            17.0
444.56            24.0
444.57            22.0
444.58            16.0
444.59            16.0
444.61            15.0
444.62            17.0
444.63            17.0
444.64            34.0
444.65            23.0
444.66             3.0
444.67             2.0
444.68            19.0
444.70            34.0
444.71            42.0
444.72            38.0
444.73            31.0
444.74            25.0
444.75            31.0
444.76            44.0
444.77            52.0
444.79            53.0
444.80            30.0
444.81             6.0
444.82             0.0
444.83            11.0
444.84            23.0
444.85            12.0
444.86            20.0
444.88            33.0
444.89            44.0
444.90            33.0
444.91            23.0
444.92            24.0
444.93            36.0
444.94            41.0
444.95            22.0
444.96             6.0
444.98            16.0
444.99            47.0
445.00            58.0
445.01            51.0
445.02            23.0
445.03            31.0
445.04            36.0
445.05            24.0
445.07             6.0
445.08            17.0
445.09            29.0
445.10            36.0
445.11            36.0
445.12            29.0
445.13            13.0
445.14            12.0
445.16            22.0
445.17            30.0
445.18            17.0
445.19             9.0
445.20            11.0
445.21            21.0
445.22            24.0
445.23            21.0
445.24            19.0
445.26            27.0
445.27            33.0
445.28            28.0
445.29            34.0
445.30            59.0
445.31            66.0
445.32            56.0
445.33            45.0
445.35            36.0
445.36            15.0
445.37             0.0
445.38             2.0
445.39             9.0
445.40            15.0
445.41            12.0
445.42            17.0
445.44            17.0
445.45            13.0
445.46            11.0
445.47             9.0
445.48             1.0
445.49            12.0
445.50            28.0
445.51            17.0
445.53             0.0
445.54             0.0
445.55            14.0
445.56            29.0
445.57            40.0
445.58            27.0
445.59            12.0
445.60             8.0
445.61            37.0
445.63            37.0
445.64            23.0
445.65            12.0
445.66            17.0
445.67             8.0
445.68             0.0
445.69            18.0
445.70            36.0
445.72            36.0
445.73            29.0
445.74            19.0
445.75             2.0
445.76             0.0
445.77             3.0
445.78            19.0
445.79            24.0
445.81            28.0
445.82            21.0
445.83            32.0
445.84            55.0
445.85            63.0
445.86            38.0
445.87            13.0
445.88            19.0
445.89            28.0
445.91            34.0
445.92            35.0
445.93            26.0
445.94            17.0
445.95            31.0
445.96            44.0
445.97            38.0
445.98            47.0
446.00            53.0
446.01            45.0
446.02            26.0
446.03            30.0
446.04            44.0
446.05            61.0
446.06            70.0
446.07            74.0
446.09            89.0
446.10            98.0
446.11            81.0
446.12            48.0
446.13            19.0
446.14             3.0
446.15             0.0
446.16             1.0
446.18             7.0
446.19            12.0
446.20            22.0
446.21            18.0
446.22             9.0
446.23             2.0
446.24            11.0
446.25             6.0
446.26             0.0
446.28             0.0
446.29             0.0
446.30            19.0
446.31            40.0
446.32            45.0
446.33            20.0
446.34             0.0
446.35             0.0
446.37             2.0
446.38            16.0
446.39            20.0
446.40            17.0
446.41            26.0
446.42            29.0
446.43            25.0
446.44            39.0
446.46            47.0
446.47            30.0
446.48            33.0
446.49            58.0
446.50            59.0
446.51            34.0
446.52            26.0
446.53            27.0
446.54            25.0
446.56            26.0
446.57            32.0
446.58            45.0
446.59            50.0
446.60            35.0
446.61             7.0
446.62             0.0
446.63             0.0
446.65            15.0
446.66            46.0
446.67            53.0
446.68            37.0
446.69            23.0
446.70            22.0
446.71            27.0
446.72            36.0
446.74            36.0
446.75            32.0
446.76            23.0
446.77            24.0
446.78            25.0
446.79            32.0
446.80            31.0
446.81            26.0
446.83            19.0
446.84            23.0
446.85            21.0
446.86            17.0
446.87            21.0
446.88            38.0
446.89            23.0
446.90            11.0
446.91             5.0
446.93             8.0
446.94             5.0
446.95            13.0
446.96            29.0
446.97            35.0
446.98            27.0
446.99             8.0
447.00             0.0
447.02            14.0
447.03            47.0
447.04            65.0
447.05            46.0
447.06            29.0
447.07            35.0
447.08            46.0
447.09            28.0
447.11            17.0
447.12            20.0
447.13            28.0
447.14            16.0
447.15             0.0
447.16             0.0
447.17            21.0
447.18            40.0
447.19            44.0
447.21            41.0
447.22            20.0
447.23             1.0
447.24            12.0
447.25            31.0
447.26            28.0
447.27            20.0
447.28            24.0
447.30            27.0
447.31            15.0
447.32            15.0
447.33            31.0
447.34            44.0
447.35            28.0
447.36             7.0
447.37             7.0
447.39            21.0
447.40            26.0
447.41            26.0
447.42            29.0
447.43            39.0
447.44            41.0
447.45            32.0
447.46            11.0
447.47             3.0
447.49            12.0
447.50            28.0
447.51            24.0
447.52            10.0
447.53             0.0
447.54             0.0
447.55            19.0
447.56            40.0
447.58            25.0
447.59             3.0
447.60             6.0
447.61            26.0
447.62            20.0
447.63             0.0
447.64             0.0
447.65             0.0
447.67            13.0
447.68            33.0
447.69            42.0
447.70            20.0
447.71             6.0
447.72             0.0
447.73             3.0
447.74             9.0
447.76            22.0
447.77            20.0
447.78            19.0
447.79            23.0
447.80            33.0
447.81            19.0
447.82             0.0
447.83             0.0
447.84             0.0
447.86             0.0
447.87             0.0
447.88            14.0
447.89            34.0
447.90            29.0
447.91            31.0
447.92            22.0
447.93            12.0
447.95             0.0
447.96             0.0
447.97             1.0
447.98             6.0
447.99            13.0
448.00             3.0
448.01             0.0
448.02             0.0
448.04             6.0
448.05            12.0
448.06             5.0
448.07             9.0
448.08            24.0
448.09            32.0
448.10            32.0
448.11            23.0
448.12            16.0
448.14             5.0
448.15            11.0
448.16             7.0
448.17             0.0
448.18             0.0
448.19             2.0
448.20            24.0
448.21            36.0
448.23            51.0
448.24            52.0
448.25            55.0
448.26            43.0
448.27            27.0
448.28             9.0
448.29             4.0
448.30             1.0
448.32             0.0
448.33             0.0
448.34             3.0
448.35             3.0
448.36             3.0
448.37             0.0
448.38             0.0
448.39             0.0
448.41             6.0
448.42            13.0
448.43            12.0
448.44             4.0
448.45             0.0
448.46             0.0
448.47             4.0
448.48            19.0
448.49            17.0
448.51             3.0
448.52             0.0
448.53             0.0
448.54             2.0
448.55             0.0
448.56             0.0
448.57             5.0
448.58             5.0
448.60            12.0
448.61            22.0
448.62            28.0
448.63            17.0
448.64             1.0
448.65             0.0
448.66            15.0
448.67            28.0
448.69            21.0
448.70             0.0
448.71             0.0
448.72             0.0
448.73            34.0
448.74            59.0
448.75            49.0
448.76            28.0
448.77            21.0
448.79            42.0
448.80            61.0
448.81            45.0
448.82            24.0
448.83            17.0
448.84            10.0
448.85             0.0
448.86             0.0
448.88            12.0
448.89            27.0
448.90            28.0
448.91            17.0
448.92            14.0
448.93             8.0
448.94             0.0
448.95             0.0
448.97             2.0
448.98            14.0
448.99            21.0
449.00            33.0
449.01            54.0
449.02            57.0
449.03            46.0
449.04            31.0
449.06            37.0
449.07            63.0
449.08            78.0
449.09            71.0
449.10            41.0
449.11            13.0
449.12             1.0
449.13             9.0
449.14            15.0
449.16            13.0
449.17            17.0
449.18            30.0
449.19            43.0
449.20            55.0
449.21            42.0
449.22            23.0
449.23            20.0
449.25            18.0
449.26             9.0
449.27             6.0
449.28            10.0
449.29             0.0
449.30             0.0
449.31            20.0
449.32            32.0
449.34            14.0
449.35             2.0
449.36             5.0
449.37            19.0
449.38            26.0
449.39            20.0
449.40            30.0
449.41            34.0
449.42            29.0
449.44            12.0
449.45            14.0
449.46            20.0
449.47            23.0
449.48            18.0
449.49             7.0
449.50             0.0
449.51             0.0
449.53             0.0
449.54             9.0
449.55            32.0
449.56            43.0
449.57            39.0
449.58            13.0
449.59             2.0
449.60            12.0
449.62            32.0
449.63            37.0
449.64            13.0
449.65             1.0
449.66            14.0
449.67            23.0
449.68            11.0
449.69             0.0
449.71             0.0
449.72             0.0
449.73            10.0
449.74            21.0
449.75            31.0
449.76            41.0
449.77            63.0
449.78            80.0
449.79            79.0
449.81            71.0
449.82            65.0
449.83            58.0
449.84            49.0
449.85            51.0
449.86            49.0
449.87            33.0
449.88            35.0
449.90            49.0
449.91            61.0
449.92            54.0
449.93            45.0
449.94            22.0
449.95            19.0
449.96            30.0
449.97            14.0
449.99             0.0
450.00             6.0
450.01            31.0
450.02            21.0
450.03            10.0
450.04            12.0
450.05            22.0
450.06            13.0
450.07             7.0
450.09            23.0
450.10            46.0
450.11            32.0
450.12            13.0
450.13            15.0
450.14            17.0
450.15             4.0
450.16             0.0
450.18             0.0
450.19            13.0
450.20            27.0
450.21            21.0
450.22            25.0
450.23            39.0
450.24            34.0
450.25             1.0
450.27             0.0
450.28             1.0
450.29            32.0
450.30            51.0
450.31            42.0
450.32            18.0
450.33            17.0
450.34            23.0
450.36            23.0
450.37            18.0
450.38            15.0
450.39             0.0
450.40             0.0
450.41             7.0
450.42            23.0
450.43            29.0
450.44            34.0
450.46            41.0
450.47            42.0
450.48            37.0
450.49            28.0
450.50            22.0
450.51            13.0
450.52            14.0
450.53            18.0
450.55            14.0
450.56            13.0
450.57            29.0
450.58            36.0
450.59            24.0
450.60            17.0
450.61            22.0
450.62            34.0
450.64            33.0
450.65            16.0
450.66             0.0
450.67             0.0
450.68            20.0
450.69            35.0
450.70            25.0
450.71            14.0
450.72            13.0
450.74            18.0
450.75            22.0
450.76            34.0
450.77            17.0
450.78             0.0
450.79             1.0
450.80            18.0
450.81            25.0
450.83            30.0
450.84            36.0
450.85            38.0
450.86            46.0
450.87            47.0
450.88            46.0
450.89            33.0
450.90            20.0
450.92            18.0
450.93            23.0
450.94            23.0
450.95            13.0
450.96            10.0
450.97            14.0
450.98            10.0
450.99             2.0
451.01             0.0
451.02             0.0
451.03            15.0
451.04            34.0
451.05            52.0
451.06            51.0
451.07            23.0
451.08             0.0
451.09             0.0
451.11            16.0
451.12            21.0
451.13            14.0
451.14            10.0
451.15            13.0
451.16            19.0
451.17            24.0
451.18            19.0
451.20            20.0
451.21            25.0
451.22            32.0
451.23            46.0
451.24            39.0
451.25            17.0
451.26             0.0
451.27             0.0
451.29            17.0
451.30            43.0
451.31            49.0
451.32            23.0
451.33             1.0
451.34             0.0
451.35            19.0
451.36            26.0
451.37            22.0
451.39            19.0
451.40            34.0
451.41            39.0
451.42            39.0
451.43            29.0
451.44            27.0
451.45            19.0
451.46            12.0
451.48             8.0
451.49            19.0
451.50            38.0
451.51            44.0
451.52            42.0
451.53            23.0
451.54            16.0
451.55             7.0
451.57             5.0
451.58            10.0
451.59            28.0
451.60            35.0
451.61            22.0
451.62            14.0
451.63            26.0
451.64            33.0
451.65            25.0
451.67             9.0
451.68             7.0
451.69            15.0
451.70            47.0
451.71            69.0
451.72            61.0
451.73            34.0
451.74            29.0
451.76            35.0
451.77            44.0
451.78            43.0
451.79            29.0
451.80            13.0
451.81            14.0
451.82            20.0
451.83            21.0
451.85            20.0
451.86            14.0
451.87             7.0
451.88             9.0
451.89            18.0
451.90            18.0
451.91            22.0
451.92            36.0
451.94            46.0
451.95            49.0
451.96            44.0
451.97            47.0
451.98            27.0
451.99            24.0
452.00            26.0
452.01            42.0
452.02            39.0
452.04            28.0
452.05            16.0
452.06             0.0
452.07             0.0
452.08             3.0
452.09            31.0
452.10            36.0
452.11            38.0
452.13            41.0
452.14            37.0
452.15            22.0
452.16            19.0
452.17            28.0
452.18            30.0
452.19            28.0
452.20            22.0
452.22            28.0
452.23            46.0
452.24            49.0
452.25            24.0
452.26            16.0
452.27            21.0
452.28            23.0
452.29            12.0
452.30            22.0
452.32            22.0
452.33            17.0
452.34            17.0
452.35            37.0
452.36            45.0
452.37            37.0
452.38            33.0
452.39            35.0
452.41            36.0
452.42            23.0
452.43            18.0
452.44            16.0
452.45            17.0
452.46            28.0
452.47            37.0
452.48            27.0
452.50           870.0
452.51           870.0
