482.05           171.0
482.06           190.0
482.07           205.0
482.08           199.0
482.09           203.0
482.10           212.0
482.11           223.0
482.12           221.0
482.13           225.0
482.14           225.0
482.15           230.0
482.17           211.0
482.18           213.0
482.19           214.0
482.20           223.0
482.21           198.0
482.22           193.0
482.23           188.0
482.24           225.0
482.25           246.0
482.26           233.0
482.27           197.0
482.29           195.0
482.30           194.0
482.31           203.0
482.32           208.0
482.33           229.0
482.34           214.0
482.35           209.0
482.36           180.0
482.37           191.0
482.38           214.0
482.40           247.0
482.41           242.0
482.42           222.0
482.43           202.0
482.44           203.0
482.45           199.0
482.46           177.0
482.47           157.0
482.48           183.0
482.49           193.0
482.50           193.0
482.52           191.0
482.53           225.0
482.54           220.0
482.55           215.0
482.56           206.0
482.57           213.0
482.58           201.0
482.59           217.0
482.60           219.0
482.61           210.0
482.62           185.0
482.64           205.0
482.65           232.0
482.66           245.0
482.67           219.0
482.68           197.0
482.69           191.0
482.70           189.0
482.71           184.0
482.72           188.0
482.73           193.0
482.74           201.0
482.76           195.0
482.77           209.0
482.78           219.0
482.79           246.0
482.80           231.0
482.81           201.0
482.82           187.0
482.83           211.0
482.84           225.0
482.85           213.0
482.86           190.0
482.88           187.0
482.89           192.0
482.90           201.0
482.91           192.0
482.92           192.0
482.93           182.0
482.94           197.0
482.95           204.0
482.96           212.0
482.97           200.0
482.98           198.0
483.00           186.0
483.01           204.0
483.02           219.0
483.03           228.0
483.04           219.0
483.05           216.0
483.06           200.0
483.07           202.0
483.08           207.0
483.09           215.0
483.10           201.0
483.12           203.0
483.13           197.0
483.14           194.0
483.15           184.0
483.16           198.0
483.17           217.0
483.18           231.0
483.19           213.0
483.20           194.0
483.21           186.0
483.22           192.0
483.24           193.0
483.25           205.0
483.26           197.0
483.27           199.0
483.28           192.0
483.29           215.0
483.30           213.0
483.31           219.0
483.32           194.0
483.33           190.0
483.35           175.0
483.36           177.0
483.37           164.0
483.38           178.0
483.39           181.0
483.40           187.0
483.41           187.0
483.42           195.0
483.43           175.0
483.44           171.0
483.45           172.0
483.47           183.0
483.48           177.0
483.49           202.0
483.50           191.0
483.51           169.0
483.52           149.0
483.53           173.0
483.54           179.0
483.55           175.0
483.56           153.0
483.57           157.0
483.59           158.0
483.60           169.0
483.61           168.0
483.62           173.0
483.63           158.0
483.64           136.0
483.65           122.0
483.66           131.0
483.67           154.0
483.68           173.0
483.69           175.0
483.71           168.0
483.72           158.0
483.73           174.0
483.74           196.0
483.75           209.0
483.76           191.0
483.77           183.0
483.78           170.0
483.79           173.0
483.80           175.0
483.81           183.0
483.83           185.0
483.84           187.0
483.85           173.0
483.86           161.0
483.87           165.0
483.88           182.0
483.89           172.0
483.90           161.0
483.91           163.0
483.92           191.0
483.93           194.0
483.95           196.0
483.96           178.0
483.97           166.0
483.98           145.0
483.99           165.0
484.00           171.0
484.01           179.0
484.02           163.0
484.03           173.0
484.04           174.0
484.05           177.0
484.07           169.0
484.08           169.0
484.09           168.0
484.10           161.0
484.11           158.0
484.12           159.0
484.13           156.0
484.14           161.0
484.15           155.0
484.16           152.0
484.17           145.0
484.19           156.0
484.20           160.0
484.21           157.0
484.22           140.0
484.23           145.0
484.24           155.0
484.25           169.0
484.26           151.0
484.27           154.0
484.28           160.0
484.30           178.0
484.31           162.0
484.32           164.0
484.33           152.0
484.34           159.0
484.35           145.0
484.36           154.0
484.37           143.0
484.38           152.0
484.39           152.0
484.40           156.0
484.42           143.0
484.43           145.0
484.44           157.0
484.45           178.0
484.46           164.0
484.47           161.0
484.48           150.0
484.49           160.0
484.50           168.0
484.51           186.0
484.52           164.0
484.54           146.0
484.55           133.0
484.56           152.0
484.57           158.0
484.58           163.0
484.59           149.0
484.60           147.0
484.61           159.0
484.62           175.0
484.63           163.0
484.64           166.0
484.66           171.0
484.67           174.0
484.68           151.0
484.69           149.0
484.70           142.0
484.71           145.0
484.72           158.0
484.73           191.0
484.74           196.0
484.75           182.0
484.76           156.0
484.78           165.0
484.79           171.0
484.80           174.0
484.81           157.0
484.82           160.0
484.83           159.0
484.84           166.0
484.85           155.0
484.86           148.0
484.87           133.0
484.88           141.0
484.90           139.0
484.91           144.0
484.92           140.0
484.93           157.0
484.94           152.0
484.95           162.0
484.96           155.0
484.97           165.0
484.98           160.0
484.99           165.0
485.00           138.0
485.02           144.0
485.03           156.0
485.04           166.0
485.05           146.0
485.06           144.0
485.07           146.0
485.08           151.0
485.09           136.0
485.10           131.0
485.11           131.0
485.12           156.0
485.14           139.0
485.15           143.0
485.16           148.0
485.17           158.0
485.18           134.0
485.19           139.0
485.20           145.0
485.21           163.0
485.22           161.0
485.23           154.0
485.25           140.0
485.26           150.0
485.27           157.0
485.28           161.0
485.29           160.0
485.30           168.0
485.31           166.0
485.32           153.0
485.33           147.0
485.34           163.0
485.35           171.0
485.37           172.0
485.38           175.0
485.39           187.0
485.40           176.0
485.41           156.0
485.42           128.0
485.43           111.0
485.44           117.0
485.45           137.0
485.46           153.0
485.47           163.0
485.49           161.0
485.50           166.0
485.51           175.0
485.52           176.0
485.53           155.0
485.54           150.0
485.55           153.0
485.56           158.0
485.57           147.0
485.58           143.0
485.59           133.0
485.61           146.0
485.62           151.0
485.63           168.0
485.64           164.0
485.65           165.0
485.66           133.0
485.67           130.0
485.68           133.0
485.69           159.0
485.70           160.0
485.71           162.0
485.73           141.0
485.74           143.0
485.75           145.0
485.76           166.0
485.77           165.0
485.78           177.0
485.79           167.0
485.80           162.0
485.81           144.0
485.82           154.0
485.83           150.0
485.85           150.0
485.86           145.0
485.87           165.0
485.88           155.0
485.89           150.0
485.90           138.0
485.91           140.0
485.92           130.0
485.93           145.0
485.94           151.0
485.95           166.0
485.97           155.0
485.98           167.0
485.99           181.0
486.00           173.0
486.01           131.0
486.02           119.0
486.03           147.0
486.04           163.0
486.05           140.0
486.06           127.0
486.07           132.0
486.09           168.0
486.10           176.0
486.11           178.0
486.12           165.0
486.13           164.0
486.14           153.0
486.15           155.0
486.16           174.0
486.17           188.0
486.18           172.0
486.20           149.0
486.21           134.0
486.22           146.0
486.23           148.0
486.24           149.0
486.25           129.0
486.26           136.0
486.27           144.0
486.28           146.0
486.29           137.0
486.30           146.0
486.32           141.0
486.33           133.0
486.34           125.0
486.35           145.0
486.36           158.0
486.37           173.0
486.38           161.0
486.39           141.0
486.40           132.0
486.41           141.0
486.42           143.0
486.44           131.0
486.45           140.0
486.46           162.0
486.47           169.0
486.48           149.0
486.49           127.0
486.50           123.0
486.51           121.0
486.52           126.0
486.53           127.0
486.54           135.0
486.56           127.0
486.57           130.0
486.58           124.0
486.59           119.0
486.60           115.0
486.61           130.0
486.62           135.0
486.63           136.0
486.64           143.0
486.65           149.0
486.66           150.0
486.68           141.0
486.69           143.0
486.70           147.0
486.71           145.0
486.72           151.0
486.73           143.0
486.74           134.0
486.75           117.0
486.76           138.0
486.77           150.0
486.78           145.0
486.80           125.0
486.81           139.0
486.82           143.0
486.83           143.0
486.84           129.0
486.85           148.0
486.86           152.0
486.87           157.0
486.88           149.0
486.89           141.0
486.90           128.0
486.92           128.0
486.93           132.0
486.94           133.0
486.95           130.0
486.96           120.0
486.97           112.0
486.98           121.0
486.99           138.0
487.00           152.0
487.01           149.0
487.02           160.0
487.04           147.0
487.05           141.0
487.06           124.0
487.07           129.0
487.08           117.0
487.09           123.0
487.10           125.0
487.11           144.0
487.12           136.0
487.13           141.0
487.15           136.0
487.16           143.0
487.17           127.0
487.18           133.0
487.19           131.0
487.20           126.0
487.21           108.0
487.22           129.0
487.23           157.0
487.24           149.0
487.25           124.0
487.27           135.0
487.28           164.0
487.29           156.0
487.30           124.0
487.31           119.0
487.32           132.0
487.33           137.0
487.34           114.0
487.35           120.0
487.36           126.0
487.37           141.0
487.39           130.0
487.40           125.0
487.41           114.0
487.42           124.0
487.43           129.0
487.44           134.0
487.45           137.0
487.46           130.0
487.47           118.0
487.48           114.0
487.49           120.0
487.51           132.0
487.52           143.0
487.53           145.0
487.54           128.0
487.55           122.0
487.56           127.0
487.57           159.0
487.58           159.0
487.59           147.0
487.60           129.0
487.61           127.0
487.63           115.0
487.64           126.0
487.65           138.0
487.66           145.0
487.67           144.0
487.68           147.0
487.69           127.0
487.70           127.0
487.71           133.0
487.72           144.0
487.73           135.0
487.75           141.0
487.76           135.0
487.77           131.0
487.78           130.0
487.79           147.0
487.80           149.0
487.81           150.0
487.82           139.0
487.83           139.0
487.84           129.0
487.85           119.0
487.87           112.0
487.88           117.0
487.89           131.0
487.90           150.0
487.91           158.0
487.92           156.0
487.93           136.0
487.94           129.0
487.95           119.0
487.96           139.0
487.98           148.0
487.99           153.0
488.00           129.0
488.01           119.0
488.02           114.0
488.03           126.0
488.04           120.0
488.05           116.0
488.06           120.0
488.07           135.0
488.08           132.0
488.10           136.0
488.11           142.0
488.12           148.0
488.13           135.0
488.14           123.0
488.15           126.0
488.16           131.0
488.17           131.0
488.18           133.0
488.19           132.0
488.20           125.0
488.22           115.0
488.23           128.0
488.24           120.0
488.25           112.0
488.26            96.0
488.27           107.0
488.28           122.0
488.29           138.0
488.30           135.0
488.31           132.0
488.32           124.0
488.34           121.0
488.35           116.0
488.36           131.0
488.37           135.0
488.38           149.0
488.39           150.0
488.40           152.0
488.41           150.0
488.42           158.0
488.43           142.0
488.44           129.0
488.46           131.0
488.47           136.0
488.48           113.0
488.49           116.0
488.50           124.0
488.51           126.0
488.52           113.0
488.53           137.0
488.54           144.0
488.55           140.0
488.56           117.0
488.58           121.0
488.59           119.0
488.60           125.0
488.61           122.0
488.62           132.0
488.63           130.0
488.64           135.0
488.65           136.0
488.66           151.0
488.67           150.0
488.68           146.0
488.70           133.0
488.71           128.0
488.72           123.0
488.73           118.0
488.74           103.0
488.75           105.0
488.76           107.0
488.77           131.0
488.78           139.0
488.79           143.0
488.80           131.0
488.82           133.0
488.83           127.0
488.84           124.0
488.85           112.0
488.86           122.0
488.87           132.0
488.88           135.0
488.89           119.0
488.90           122.0
488.91           132.0
488.93           129.0
488.94           114.0
488.95           118.0
488.96           121.0
488.97           128.0
488.98           131.0
488.99           141.0
489.00           131.0
489.01           140.0
489.02           147.0
489.03           148.0
489.05           125.0
489.06           124.0
489.07           118.0
489.08           114.0
489.09           104.0
489.10           125.0
489.11           128.0
489.12           130.0
489.13           110.0
489.14           127.0
489.15           130.0
489.17           140.0
489.18           141.0
489.19           147.0
489.20           128.0
489.21           115.0
489.22           128.0
489.23           139.0
489.24           134.0
489.25           133.0
489.26           149.0
489.27           169.0
489.29           164.0
489.30           148.0
489.31           132.0
489.32           135.0
489.33           123.0
489.34           116.0
489.35           105.0
489.36           107.0
489.37           107.0
489.38           130.0
489.39           148.0
489.41           163.0
489.42           150.0
489.43           132.0
489.44           105.0
489.45           109.0
489.46           121.0
489.47           138.0
489.48           139.0
489.49           142.0
489.50           138.0
489.51           125.0
489.53           102.0
489.54            96.0
489.55           104.0
489.56           128.0
489.57           147.0
489.58           164.0
489.59           161.0
489.60           148.0
489.61           126.0
489.62           125.0
489.63           117.0
489.65           116.0
489.66           109.0
489.67           121.0
489.68           118.0
489.69           121.0
489.70           121.0
489.71           132.0
489.72           128.0
489.73           123.0
489.74           112.0
489.75           113.0
489.77           112.0
489.78           126.0
489.79           137.0
489.80           150.0
489.81           138.0
489.82           123.0
489.83           117.0
489.84           133.0
489.85           139.0
489.86           140.0
489.88           129.0
489.89           129.0
489.90           125.0
489.91           143.0
489.92           143.0
489.93           137.0
489.94           117.0
489.95           108.0
489.96            90.0
489.97            93.0
489.98           100.0
490.00           112.0
490.01           113.0
490.02           126.0
490.03           136.0
490.04           137.0
490.05           128.0
490.06           131.0
490.07           118.0
490.08           117.0
490.09           120.0
490.10           150.0
490.12           158.0
490.13           165.0
490.14           141.0
490.15           115.0
490.16           109.0
490.17           131.0
490.18           139.0
490.19           138.0
490.20           123.0
490.21           118.0
490.22           119.0
490.24           130.0
490.25           124.0
490.26           128.0
490.27           133.0
490.28           148.0
490.29           138.0
490.30           136.0
490.31           123.0
490.32           133.0
490.33           131.0
490.34           140.0
490.36           135.0
490.37           129.0
490.38           129.0
490.39           118.0
490.40           104.0
490.41           107.0
490.42           130.0
490.43           140.0
490.44           136.0
490.45           141.0
490.46           141.0
490.48           135.0
490.49           125.0
490.50           129.0
490.51           141.0
490.52           149.0
490.53           147.0
490.54           138.0
490.55           122.0
490.56           117.0
490.57           111.0
490.58           121.0
490.60           126.0
490.61           133.0
490.62           117.0
490.63           113.0
490.64           115.0
490.65           124.0
490.66           117.0
490.67           125.0
490.68           126.0
490.69           122.0
490.70           102.0
490.72           116.0
490.73           122.0
490.74           127.0
490.75           112.0
490.76           131.0
490.77           131.0
490.78           141.0
490.79           143.0
490.80           164.0
490.81           162.0
490.83           153.0
490.84           137.0
490.85           129.0
490.86           124.0
490.87           129.0
490.88           132.0
490.89           131.0
490.90           122.0
490.91           116.0
490.92           113.0
490.93           116.0
490.95           119.0
490.96           128.0
490.97           144.0
490.98           154.0
490.99           147.0
491.00           137.0
491.01           130.0
491.02           134.0
491.03           140.0
491.04           148.0
491.05           134.0
491.07           119.0
491.08           108.0
491.09           128.0
491.10           139.0
491.11           136.0
491.12           119.0
491.13           129.0
491.14           120.0
491.15           122.0
491.16           116.0
491.17           123.0
491.19           112.0
491.20           112.0
491.21           107.0
491.22           116.0
491.23           120.0
491.24           129.0
491.25           127.0
491.26           137.0
491.27           135.0
491.28           137.0
491.29           121.0
491.31           125.0
491.32           124.0
491.33           145.0
491.34           143.0
491.35           143.0
491.36           133.0
491.37           141.0
491.38           135.0
491.39           130.0
491.40           125.0
491.41           124.0
491.43           116.0
491.44            99.0
491.45           106.0
491.46           133.0
491.47           155.0
491.48           138.0
491.49           113.0
491.50           113.0
491.51           122.0
491.52           132.0
491.53           128.0
491.55           122.0
491.56           111.0
491.57           111.0
491.58           117.0
491.59           135.0
491.60           127.0
491.61           115.0
491.62           116.0
491.63           140.0
491.64           133.0
491.65           118.0
491.67           115.0
491.68           153.0
491.69           161.0
491.70           145.0
491.71           126.0
491.72           134.0
491.73           120.0
491.74           112.0
491.75           122.0
491.76           143.0
491.78           141.0
491.79           142.0
491.80           128.0
491.81           125.0
491.82           109.0
491.83           102.0
491.84            98.0
491.85           112.0
491.86           109.0
491.87           125.0
491.88           132.0
491.90           139.0
491.91           121.0
491.92           126.0
491.93           123.0
491.94           132.0
491.95           127.0
491.96           124.0
491.97           124.0
491.98           134.0
491.99           125.0
492.00           126.0
492.02           140.0
492.03           164.0
492.04           164.0
492.05           155.0
492.06           150.0
492.07           156.0
492.08           161.0
492.09           167.0
492.10           168.0
492.11           177.0
492.12           235.0
492.14           403.0
492.15           674.0
492.16           995.0
492.17           1285.0
492.18           1628.0
492.19           1958.0
492.20           1927.0
492.21           1384.0
492.22           715.0
492.23           318.0
492.24           179.0
492.26           142.0
492.27           141.0
492.28           116.0
492.29           113.0
492.30           121.0
492.31           136.0
492.32           121.0
492.33           117.0
492.34           123.0
492.35           137.0
492.36           137.0
492.38           142.0
492.39           135.0
492.40           121.0
492.41           107.0
492.42           117.0
492.43           125.0
492.44           126.0
492.45           120.0
492.46           125.0
492.47           126.0
492.48           130.0
492.50           126.0
492.51           132.0
492.52           128.0
492.53           124.0
492.54           104.0
492.55            90.0
492.56            88.0
492.57           111.0
492.58           125.0
492.59           122.0
492.60           104.0
492.62           115.0
492.63           129.0
492.64           136.0
492.65           106.0
492.66           106.0
492.67           116.0
492.68           125.0
492.69           114.0
492.70           115.0
492.71           112.0
492.73           101.0
492.74            82.0
492.75           102.0
492.76           122.0
492.77           139.0
492.78           129.0
492.79           136.0
492.80           118.0
492.81           110.0
492.82           104.0
492.83           106.0
492.85            96.0
492.86           111.0
492.87           136.0
492.88           151.0
492.89           132.0
492.90           112.0
492.91            95.0
492.92           100.0
492.93           104.0
492.94           119.0
492.95           120.0
492.97           126.0
492.98           113.0
492.99           110.0
493.00           109.0
493.01           127.0
493.02           127.0
493.03           117.0
493.04           101.0
493.05           104.0
493.06           106.0
493.07            98.0
493.09            88.0
493.10            92.0
493.11            93.0
493.12            99.0
493.13           105.0
493.14           110.0
493.15            99.0
493.16            97.0
493.17           111.0
493.18           139.0
493.19           137.0
493.21           131.0
493.22           123.0
493.23           142.0
493.24           140.0
493.25           144.0
493.26           123.0
493.27           107.0
493.28            91.0
493.29           103.0
493.30           110.0
493.31           119.0
493.33           117.0
493.34           122.0
493.35           117.0
493.36           119.0
493.37           110.0
493.38           108.0
493.39           108.0
493.40           134.0
493.41           152.0
493.42           162.0
493.43           152.0
493.45           143.0
493.46           131.0
493.47           133.0
493.48           134.0
493.49           144.0
493.50           141.0
493.51           125.0
493.52            99.0
493.53           106.0
493.54           110.0
493.55           106.0
493.57            96.0
493.58           111.0
493.59           112.0
493.60           103.0
493.61            88.0
493.62           103.0
493.63           113.0
493.64           120.0
493.65           121.0
493.66           130.0
493.68           117.0
493.69           121.0
493.70           131.0
493.71           140.0
493.72           121.0
493.73           105.0
493.74           102.0
493.75           122.0
493.76           129.0
493.77           133.0
493.78           130.0
493.80           149.0
493.81           145.0
493.82           132.0
493.83            99.0
493.84            96.0
493.85           101.0
493.86           116.0
493.87           121.0
493.88           130.0
493.89           123.0
493.90           121.0
493.92           116.0
493.93           114.0
493.94           104.0
493.95           116.0
493.96           123.0
493.97           120.0
493.98           102.0
493.99           111.0
494.00           115.0
494.01           118.0
494.02           113.0
494.04           115.0
494.05           113.0
494.06           113.0
494.07           108.0
494.08           103.0
494.09           107.0
494.10           115.0
494.11           110.0
494.12           106.0
494.13           106.0
494.14           130.0
494.16           138.0
494.17           141.0
494.18           117.0
494.19           109.0
494.20           105.0
494.21           121.0
494.22           132.0
494.23           136.0
494.24           130.0
494.25           115.0
494.26           110.0
494.28           112.0
494.29           111.0
494.30           116.0
494.31           132.0
494.32           144.0
494.33           115.0
494.34            99.0
494.35            99.0
494.36           115.0
494.37           118.0
494.38           127.0
494.40           123.0
494.41           125.0
494.42           128.0
494.43           142.0
494.44           134.0
494.45           124.0
494.46           125.0
494.47           140.0
494.48           133.0
494.49           121.0
494.50           120.0
494.52           125.0
494.53           114.0
494.54           119.0
494.55           130.0
494.56           146.0
494.57           130.0
494.58           119.0
494.59           117.0
494.60           135.0
494.61           137.0
494.63           132.0
494.64           113.0
494.65           119.0
494.66           126.0
494.67           134.0
494.68           124.0
494.69           119.0
494.70           116.0
494.71           124.0
494.72           127.0
494.73           124.0
494.75           118.0
494.76           120.0
494.77           106.0
494.78           104.0
494.79            95.0
494.80            97.0
494.81            96.0
494.82           107.0
494.83           107.0
494.84           109.0
494.85           116.0
494.87           121.0
494.88           107.0
494.89           106.0
494.90           113.0
494.91           115.0
494.92           112.0
494.93           123.0
494.94           130.0
494.95           130.0
494.96           122.0
494.97           117.0
494.99           105.0
495.00           111.0
495.01           112.0
495.02           127.0
495.03           140.0
495.04           136.0
495.05           110.0
495.06           110.0
495.07           112.0
495.08           115.0
495.09           130.0
495.11           155.0
495.12           154.0
495.13           138.0
495.14           132.0
495.15           134.0
495.16           118.0
495.17           117.0
495.18           111.0
495.19           122.0
495.20           117.0
495.21           130.0
495.23           121.0
495.24           112.0
495.25           101.0
495.26           108.0
495.27           115.0
495.28           115.0
495.29           103.0
495.30            97.0
495.31           116.0
495.32           154.0
495.33           158.0
495.35           139.0
495.36           120.0
495.37           133.0
495.38           125.0
495.39           125.0
495.40           121.0
495.41           130.0
495.42           126.0
495.43           120.0
495.44           107.0
495.45            96.0
495.47            96.0
495.48           111.0
495.49           124.0
495.50           134.0
495.51           122.0
495.52           130.0
495.53           132.0
495.54           131.0
495.55            98.0
495.56            97.0
495.58           101.0
495.59           117.0
495.60           118.0
495.61           120.0
495.62           121.0
495.63           133.0
495.64           140.0
495.65           140.0
495.66           131.0
495.67           134.0
495.68           133.0
495.70           147.0
495.71           152.0
495.72           148.0
495.73           120.0
495.74           107.0
495.75           105.0
495.76           131.0
495.77           151.0
495.78           162.0
495.79           142.0
495.80           134.0
495.82           133.0
495.83           141.0
495.84           121.0
495.85            97.0
495.86            84.0
495.87           108.0
495.88           119.0
495.89           125.0
495.90           130.0
495.91           137.0
495.92           119.0
495.94           112.0
495.95           115.0
495.96           127.0
495.97           120.0
495.98           123.0
495.99           123.0
496.00           134.0
496.01           126.0
496.02           134.0
496.03           133.0
496.04           136.0
496.06           131.0
496.07           131.0
496.08           120.0
496.09           125.0
496.10           128.0
496.11           130.0
496.12           123.0
496.13           129.0
496.14           126.0
496.15           125.0
496.16           112.0
496.18           115.0
496.19           109.0
496.20           113.0
496.21           108.0
496.22           114.0
496.23           118.0
496.24           133.0
496.25           126.0
496.26           123.0
496.27           120.0
496.28           131.0
496.30           128.0
496.31           129.0
496.32           125.0
496.33           123.0
496.34           121.0
496.35           126.0
496.36           114.0
496.37           102.0
496.38            93.0
496.39            95.0
496.40            95.0
496.42           111.0
496.43           113.0
496.44           106.0
496.45           105.0
496.46           111.0
496.47           113.0
496.48           122.0
496.49           128.0
496.50           133.0
496.51           123.0
496.53           121.0
496.54           111.0
496.55           121.0
496.56           125.0
496.57           122.0
496.58           118.0
496.59           128.0
496.60           129.0
496.61           128.0
496.62           120.0
496.63           124.0
496.65           122.0
496.66           136.0
496.67           124.0
496.68           120.0
496.69           108.0
496.70           115.0
496.71           121.0
496.72           140.0
496.73           144.0
496.74           143.0
496.75           130.0
496.77           137.0
496.78           137.0
496.79           128.0
496.80           123.0
496.81           137.0
496.82           135.0
496.83           127.0
496.84           128.0
496.85           136.0
496.86           124.0
496.87           113.0
496.89           104.0
496.90           117.0
496.91           127.0
496.92           147.0
496.93           142.0
496.94           140.0
496.95           124.0
496.96           124.0
496.97           116.0
496.98           130.0
496.99           132.0
497.01           139.0
497.02           132.0
497.03           135.0
497.04           129.0
497.05           129.0
497.06           118.0
497.07           118.0
497.08           116.0
497.09           121.0
497.10           129.0
497.11           150.0
497.13           147.0
497.14           145.0
497.15           142.0
497.16           140.0
497.17           128.0
497.18           124.0
497.19           122.0
497.20           119.0
497.21           119.0
497.22           112.0
497.23           116.0
497.25           121.0
497.26           101.0
497.27            89.0
497.28            99.0
497.29           114.0
497.30           114.0
497.31           129.0
497.32           135.0
497.33           127.0
497.34           121.0
497.36           127.0
497.37           120.0
497.38           113.0
497.39            98.0
497.40           110.0
497.41           116.0
497.42           125.0
497.43           115.0
497.44           130.0
497.45           134.0
497.46           135.0
497.48           131.0
497.49           141.0
497.50           131.0
497.51           126.0
497.52           116.0
497.53           124.0
497.54           119.0
497.55           136.0
497.56           134.0
497.57           138.0
497.58           119.0
497.60           122.0
497.61           115.0
497.62           107.0
497.63            98.0
497.64           119.0
497.65           129.0
497.66           123.0
497.67           103.0
497.68           118.0
497.69           143.0
497.70           155.0
497.72           139.0
497.73           131.0
497.74           122.0
497.75           108.0
497.76            95.0
497.77           102.0
497.78           101.0
497.79            92.0
497.80            79.0
497.81            85.0
497.82            84.0
497.84            87.0
497.85            94.0
497.86           111.0
497.87           109.0
497.88           114.0
497.89           108.0
497.90           116.0
497.91           119.0
497.92           124.0
497.93           109.0
497.94           110.0
497.96           108.0
497.97           108.0
497.98            98.0
497.99           111.0
498.00           125.0
498.01           135.0
498.02           124.0
498.03           123.0
498.04           118.0
498.05           115.0
498.06            93.0
498.08            86.0
498.09            92.0
498.10           107.0
498.11           108.0
498.12           107.0
498.13            99.0
498.14            97.0
498.15            94.0
498.16            98.0
498.17            99.0
498.18           100.0
498.20            98.0
498.21           100.0
498.22            97.0
498.23           113.0
498.24           137.0
498.25           152.0
498.26           133.0
498.27           130.0
498.28           119.0
498.29           111.0
498.31           110.0
498.32           125.0
498.33           130.0
498.34           127.0
498.35           110.0
498.36            94.0
498.37           103.0
498.38           123.0
498.39           121.0
498.40           129.0
498.41           136.0
498.43           131.0
498.44           108.0
498.45           106.0
498.46           106.0
498.47           120.0
498.48           126.0
498.49           129.0
498.50           121.0
498.51           117.0
498.52           117.0
498.53           123.0
498.55           122.0
498.56           120.0
498.57           113.0
498.58           117.0
498.59           110.0
498.60           122.0
498.61           118.0
498.62           139.0
498.63           136.0
498.64           127.0
498.65           102.0
498.67           109.0
498.68           113.0
498.69           111.0
498.70            99.0
498.71            97.0
498.72            97.0
498.73           115.0
498.74           117.0
498.75           102.0
498.76            82.0
498.77            93.0
498.79           105.0
498.80           115.0
498.81           119.0
498.82           123.0
498.83           100.0
498.84            90.0
498.85            85.0
498.86           102.0
498.87           105.0
498.88           112.0
498.89            92.0
498.91            94.0
498.92            79.0
498.93            85.0
498.94            90.0
498.95           127.0
498.96           138.0
498.97           140.0
498.98           112.0
498.99           109.0
499.00           100.0
499.01           102.0
499.03            88.0
499.04            95.0
499.05            84.0
499.06            88.0
499.07            86.0
499.08           108.0
499.09           127.0
499.10           144.0
499.11           131.0
499.12           111.0
499.13            99.0
499.15           111.0
499.16           121.0
499.17           124.0
499.18           110.0
499.19           109.0
499.20           113.0
499.21           136.0
499.22           140.0
499.23           135.0
499.24           109.0
499.26           107.0
499.27           107.0
499.28           113.0
499.29           104.0
499.30           109.0
499.31           108.0
499.32           112.0
499.33           122.0
499.34           141.0
499.35           132.0
499.36           109.0
499.38            94.0
499.39            97.0
499.40           110.0
499.41           131.0
499.42           129.0
499.43           116.0
499.44           109.0
499.45           124.0
499.46           127.0
499.47           124.0
499.48           110.0
499.50           101.0
499.51            95.0
499.52           103.0
499.53           100.0
499.54           102.0
499.55           105.0
499.56           116.0
499.57           104.0
499.58            95.0
499.59           105.0
499.60           121.0
499.62           110.0
499.63            93.0
499.64            93.0
499.65           113.0
499.66           113.0
499.67           121.0
499.68           126.0
499.69           146.0
499.70           147.0
499.71           142.0
499.72           119.0
499.74           105.0
499.75            99.0
499.76           114.0
499.77           117.0
499.78           108.0
499.79           100.0
499.80           125.0
499.81           133.0
499.82           136.0
499.83           134.0
499.84           144.0
499.86           140.0
499.87           133.0
499.88           113.0
499.89           107.0
499.90           111.0
499.91           118.0
499.92           102.0
499.93           108.0
499.94           123.0
499.95           134.0
499.96           120.0
499.98           116.0
499.99           113.0
500.00           110.0
500.01           104.0
500.02           119.0
500.03           125.0
500.04           126.0
500.05           116.0
500.06           122.0
500.07           129.0
500.08           139.0
500.10           119.0
500.11           107.0
500.12           116.0
500.13           136.0
500.14           111.0
500.15           101.0
500.16           104.0
500.17           125.0
500.18           120.0
500.19           122.0
500.21           114.0
500.22           123.0
500.23           128.0
500.24           118.0
500.25            98.0
500.26           101.0
500.27           108.0
500.28           112.0
500.29           110.0
500.30           129.0
500.31           134.0
500.33           138.0
500.34           131.0
500.35           141.0
500.36           130.0
500.37           125.0
500.38           113.0
500.39           119.0
500.40           120.0
500.41           137.0
500.42           130.0
500.43           122.0
500.45           108.0
500.46           115.0
500.47           104.0
500.48           105.0
500.49            97.0
500.50           103.0
500.51           109.0
500.52           114.0
500.53           113.0
500.54           112.0
500.55           110.0
500.57           115.0
500.58           115.0
500.59           106.0
500.60            94.0
500.61           121.0
500.62           143.0
500.63           151.0
500.64           136.0
500.65           138.0
500.66           129.0
500.67           127.0
500.69           121.0
500.70           120.0
500.71           108.0
500.72           107.0
500.73           120.0
500.74           137.0
500.75           137.0
500.76           124.0
500.77           117.0
500.78           130.0
500.79           132.0
500.81           127.0
500.82           105.0
500.83           105.0
500.84           111.0
500.85           134.0
500.86           136.0
500.87           137.0
500.88           123.0
500.89           123.0
500.90           131.0
500.91           164.0
500.93           169.0
500.94           164.0
500.95           145.0
500.96           166.0
500.97           148.0
500.98           123.0
500.99            96.0
501.00           120.0
501.01           132.0
501.02           131.0
501.03           121.0
501.05           126.0
501.06           126.0
501.07           126.0
501.08           135.0
501.09           154.0
501.10           150.0
501.11           133.0
501.12           125.0
501.13           139.0
501.14           145.0
501.16           141.0
501.17           124.0
501.18           122.0
501.19           115.0
501.20           114.0
501.21           114.0
501.22           122.0
501.23           132.0
501.24           144.0
501.25           127.0
501.26           106.0
501.28           111.0
501.29           145.0
501.30           151.0
501.31           147.0
501.32           138.0
501.33           143.0
501.34           137.0
501.35           130.0
501.36           120.0
501.37           146.0
501.38           157.0
501.40           137.0
501.41           110.0
501.42           137.0
501.43           178.0
501.44           208.0
501.45           224.0
501.46           247.0
501.47           260.0
501.48           271.0
501.49           290.0
501.50           323.0
501.52           460.0
501.53           1052.0
501.54           2399.0
501.55           3567.0
501.56           4000.0
501.57           3862.0
501.58           3991.0
501.59           3308.0
501.60           1952.0
501.61           676.0
501.62           325.0
501.64           259.0
501.65           219.0
501.66           208.0
501.67           195.0
501.68           192.0
501.69           176.0
501.70           165.0
501.71           172.0
501.72           186.0
501.73           182.0
501.74           172.0
501.76           155.0
501.77           153.0
501.78           162.0
501.79           169.0
501.80           147.0
501.81           129.0
501.82           121.0
501.83           115.0
501.84           108.0
501.85           110.0
501.86           122.0
501.88           144.0
501.89           151.0
501.90           140.0
501.91           123.0
501.92           125.0
501.93           126.0
501.94           132.0
501.95           124.0
501.96           128.0
501.97           129.0
501.98           133.0
502.00           128.0
502.01           120.0
502.02           115.0
502.03           119.0
502.04           130.0
502.05           140.0
502.06           140.0
502.07           131.0
502.08           125.0
502.09           138.0
502.11           146.0
502.12           147.0
502.13           140.0
502.14           127.0
502.15           109.0
502.16            98.0
502.17           101.0
502.18           122.0
502.19           136.0
502.20           129.0
502.21           115.0
502.23           115.0
502.24           115.0
502.25           110.0
502.26           101.0
502.27           104.0
502.28           114.0
502.29           138.0
502.30           143.0
502.31           141.0
502.32           115.0
502.33           108.0
502.35           101.0
502.36           122.0
502.37           124.0
502.38           119.0
502.39           102.0
502.40            96.0
502.41            96.0
502.42           115.0
502.43           124.0
502.44           120.0
502.45           115.0
502.47           121.0
502.48           116.0
502.49           110.0
502.50           106.0
502.51           111.0
502.52           119.0
502.53           121.0
502.54           103.0
502.55           109.0
502.56           131.0
502.57           139.0
502.59           124.0
502.60           119.0
502.61           119.0
502.62           130.0
502.63           145.0
502.64           149.0
502.65           133.0
502.66           131.0
502.67           133.0
502.68           142.0
502.69           133.0
502.71           136.0
502.72           131.0
502.73           146.0
502.74           140.0
502.75           138.0
502.76           121.0
502.77           126.0
502.78           118.0
502.79           119.0
502.80           117.0
502.81           123.0
502.83           114.0
502.84           116.0
502.85           116.0
502.86           113.0
502.87           111.0
502.88           116.0
502.89           115.0
502.90           109.0
502.91           112.0
502.92           130.0
502.93           134.0
502.95           132.0
502.96           115.0
502.97           118.0
502.98           119.0
502.99           132.0
503.00           133.0
503.01           133.0
503.02           132.0
503.03           141.0
503.04           134.0
503.06           128.0
503.07           119.0
503.08           119.0
503.09           108.0
503.10           110.0
503.11           102.0
503.12           100.0
503.13           109.0
503.14           125.0
503.15           130.0
503.16           123.0
503.18           110.0
503.19            99.0
503.20           106.0
503.21           132.0
503.22           137.0
503.23           137.0
503.24           121.0
503.25           115.0
503.26           110.0
503.27           119.0
503.28           114.0
503.30            94.0
503.31            91.0
503.32           115.0
503.33           131.0
503.34           124.0
503.35           114.0
503.36           112.0
503.37           110.0
503.38           117.0
503.39           120.0
503.40           114.0
503.42           100.0
503.43           106.0
503.44           112.0
503.45           120.0
503.46           110.0
503.47           122.0
503.48           124.0
503.49           128.0
503.50           116.0
503.51           120.0
503.52           118.0
503.54           110.0
503.55           104.0
503.56           113.0
503.57           125.0
503.58           124.0
503.59           113.0
503.60           117.0
503.61           111.0
503.62           102.0
503.63           104.0
503.64           130.0
503.66           134.0
503.67           124.0
503.68           106.0
503.69            91.0
503.70            85.0
503.71           109.0
503.72           118.0
503.73           118.0
503.74           112.0
503.75           131.0
503.76           134.0
503.78           138.0
503.79           126.0
503.80           119.0
503.81           106.0
503.82           111.0
503.83           112.0
503.84           126.0
503.85           128.0
503.86           134.0
503.87           133.0
503.88           141.0
503.90           148.0
503.91           158.0
503.92           153.0
503.93           136.0
503.94           116.0
503.95           114.0
503.96           111.0
503.97           115.0
503.98           115.0
503.99           118.0
504.01           113.0
504.02           131.0
504.03           128.0
504.04           129.0
504.05           113.0
504.06           119.0
504.07           104.0
504.08            96.0
504.09            81.0
504.10            97.0
504.11           115.0
504.13           122.0
504.14           111.0
504.15           119.0
504.16           121.0
504.17           121.0
504.18           110.0
504.19           123.0
504.20           115.0
504.21           113.0
504.22           104.0
504.23           107.0
504.25            98.0
504.26           113.0
504.27           113.0
504.28           111.0
504.29           105.0
504.30           123.0
504.31           128.0
504.32           126.0
504.33           113.0
504.34           104.0
504.35           108.0
504.37           120.0
504.38           111.0
504.39           104.0
504.40           369.0
504.41           369.0
