648.76             0.0
648.77             0.0
648.78             7.0
648.79             6.0
648.80             0.0
648.80             7.0
648.81            15.0
648.82             4.0
648.83             0.0
648.84             0.0
648.85             0.0
648.86             0.0
648.87             0.0
648.88             0.0
648.89             4.0
648.90             8.0
648.91             4.0
648.92             0.0
648.93             0.0
648.93            14.0
648.94            13.0
648.95             0.0
648.96             0.0
648.97             3.0
648.98            16.0
648.99            16.0
649.00             0.0
649.01             0.0
649.02             5.0
649.03            15.0
649.04             0.0
649.05             0.0
649.05             0.0
649.06             0.0
649.07             0.0
649.08            19.0
649.09            29.0
649.10            13.0
649.11             2.0
649.12             0.0
649.13             0.0
649.14             0.0
649.15             0.0
649.16             0.0
649.17             0.0
649.18             2.0
649.18             0.0
649.19             0.0
649.20             0.0
649.21             0.0
649.22             2.0
649.23             5.0
649.24             0.0
649.25             0.0
649.26             0.0
649.27            12.0
649.28            19.0
649.29            15.0
649.30             8.0
649.30             0.0
649.31             0.0
649.32             0.0
649.33             0.0
649.34             0.0
649.35             0.0
649.36             0.0
649.37             1.0
649.38             7.0
649.39             8.0
649.40             0.0
649.41             0.0
649.42             8.0
649.43            15.0
649.43            10.0
649.44            13.0
649.45            15.0
649.46             3.0
649.47             0.0
649.48             0.0
649.49             0.0
649.50             2.0
649.51            16.0
649.52            12.0
649.53            13.0
649.54            17.0
649.55            12.0
649.55             0.0
649.56             0.0
649.57             0.0
649.58             0.0
649.59             0.0
649.60             0.0
649.61             0.0
649.62             0.0
649.63             0.0
649.64             3.0
649.65             5.0
649.66             3.0
649.67             0.0
649.68             0.0
649.68             0.0
649.69            14.0
649.70             8.0
649.71             0.0
649.72             0.0
649.73             0.0
649.74             0.0
649.75             0.0
649.76             0.0
649.77             4.0
649.78             0.0
649.79             0.0
649.80             0.0
649.80             0.0
649.81             0.0
649.82             0.0
649.83             6.0
649.84            19.0
649.85            30.0
649.86            19.0
649.87             0.0
649.88             0.0
649.89             0.0
649.90            12.0
649.91             8.0
649.92             0.0
649.93             0.0
649.93             0.0
649.94             3.0
649.95            10.0
649.96             4.0
649.97             0.0
649.98             0.0
649.99             0.0
650.00             3.0
650.01             0.0
650.02             0.0
650.03             0.0
650.04             0.0
650.05             0.0
650.05             0.0
650.06            13.0
650.07            20.0
650.08            14.0
650.09            12.0
650.10             0.0
650.11             0.0
650.12             0.0
650.13             1.0
650.14             8.0
650.15             4.0
650.16             0.0
650.17             2.0
650.18             7.0
650.18             0.0
650.19             0.0
650.20             0.0
650.21             9.0
650.22             0.0
650.23             0.0
650.24             0.0
650.25             0.0
650.26             0.0
650.27             0.0
650.28             0.0
650.29             0.0
650.30             0.0
650.30             4.0
650.31            10.0
650.32            11.0
650.33             0.0
650.34             0.0
650.35            10.0
650.36            32.0
650.37            40.0
650.38            21.0
650.39             1.0
650.40             0.0
650.41            13.0
650.42            14.0
650.43            13.0
650.43            11.0
650.44             4.0
650.45             0.0
650.46             0.0
650.47             3.0
650.48             0.0
650.49             2.0
650.50            18.0
650.51            21.0
650.52            14.0
650.53            13.0
650.54            15.0
650.55            30.0
650.55            50.0
650.56            72.0
650.57            89.0
650.58           127.0
650.59           172.0
650.60           229.0
650.61           280.0
650.62           355.0
650.63           450.0
650.64           569.0
650.65           668.0
650.66           736.0
650.67           790.0
650.68           820.0
650.68           831.0
650.69           769.0
650.70           658.0
650.71           511.0
650.72           360.0
650.73           229.0
650.74           162.0
650.75           154.0
650.76           164.0
650.77           174.0
650.78           186.0
650.79           176.0
650.80           147.0
650.80           106.0
650.81            83.0
650.82            87.0
650.83            89.0
650.84            79.0
650.85            54.0
650.86            49.0
650.87            40.0
650.88            37.0
650.89            33.0
650.90            35.0
650.91            29.0
650.92            16.0
650.93             3.0
650.93             5.0
650.94            21.0
650.95            41.0
650.96            40.0
650.97            28.0
650.98            18.0
650.99             6.0
651.00             0.0
651.01            10.0
651.02            35.0
651.03            31.0
651.04            23.0
651.05            21.0
651.05            19.0
651.06            12.0
651.07            11.0
651.08            10.0
651.09             9.0
651.10            15.0
651.11            21.0
651.12            24.0
651.13            10.0
651.14             0.0
651.15             0.0
651.16             0.0
651.17             0.0
651.18             5.0
651.18            24.0
651.19            35.0
651.20            27.0
651.21             3.0
651.22             0.0
651.23             8.0
651.24            21.0
651.25            22.0
651.26             6.0
651.27             0.0
651.28             0.0
651.29             7.0
651.30            17.0
651.30             9.0
651.31             7.0
651.32             4.0
651.33            15.0
651.34            14.0
651.35            12.0
651.36             2.0
651.37             2.0
651.38             5.0
651.39            15.0
651.40            24.0
651.41            29.0
651.42            24.0
651.43            24.0
651.43            24.0
651.44             3.0
651.45             0.0
651.46             0.0
651.47             4.0
651.48             5.0
651.49             0.0
651.50             0.0
651.51             0.0
651.52            16.0
651.53            25.0
651.54            20.0
651.55             0.0
651.55             0.0
651.56             0.0
651.57             0.0
651.58             0.0
651.59             0.0
651.60            11.0
651.61            20.0
651.62            23.0
651.63            24.0
651.64            25.0
651.65             7.0
651.66             0.0
651.67             0.0
651.68             2.0
651.68             0.0
651.69             0.0
651.70             0.0
651.71             9.0
651.72            17.0
651.73            12.0
651.74             5.0
651.75             8.0
651.76            12.0
651.77            12.0
651.78            13.0
651.79            21.0
651.80            23.0
651.80             8.0
651.81             0.0
651.82             1.0
651.83             6.0
651.84             0.0
651.85             0.0
651.86             0.0
651.87             0.0
651.88             0.0
651.89             0.0
651.90             0.0
651.91             5.0
651.92             6.0
651.93             3.0
651.93             5.0
651.94             3.0
651.95             3.0
651.96             0.0
651.97             0.0
651.98             0.0
651.99             0.0
652.00             0.0
652.01             0.0
652.02             0.0
652.03             0.0
652.04             0.0
652.05             0.0
652.05             0.0
652.06             0.0
652.07             9.0
652.08             4.0
652.09             0.0
652.10             0.0
652.11            11.0
652.12            27.0
652.13            30.0
652.14            11.0
652.15             7.0
652.16             6.0
652.17             0.0
652.18             0.0
652.18             6.0
652.19             8.0
652.20             0.0
652.21             0.0
652.22            10.0
652.23             3.0
652.24             0.0
652.25             0.0
652.26             0.0
652.27             0.0
652.28             0.0
652.29             0.0
652.30             0.0
652.30             0.0
652.31             0.0
652.32             0.0
652.33             0.0
652.34             0.0
652.35             8.0
652.36            23.0
652.37            20.0
652.38            14.0
652.39            10.0
652.40            17.0
652.41            23.0
652.42            21.0
652.43             8.0
652.43             0.0
652.44             0.0
652.45             0.0
652.46             2.0
652.47             3.0
652.48             0.0
652.49             2.0
652.50             0.0
652.51             2.0
652.52            11.0
652.53            21.0
652.54            13.0
652.55             0.0
652.55             0.0
652.56             0.0
652.57             0.0
652.58             0.0
652.59             0.0
652.60             0.0
652.61             0.0
652.62             0.0
652.63            10.0
652.64            18.0
652.65             2.0
652.66             0.0
652.67             0.0
652.68             0.0
652.68             0.0
652.69             0.0
652.70             0.0
652.71            10.0
652.72             9.0
652.73            10.0
652.74            12.0
652.75            33.0
652.76            36.0
652.77            17.0
652.78            10.0
652.79            16.0
652.80            18.0
652.80             4.0
652.81             0.0
652.82             0.0
652.83             0.0
652.84             0.0
652.85             0.0
652.86             0.0
652.87             0.0
652.88             0.0
652.89             0.0
652.90             0.0
652.91             0.0
652.92             0.0
652.93             2.0
652.93             8.0
652.94            11.0
652.95            14.0
652.96             4.0
652.97             0.0
652.98             4.0
652.99            31.0
653.00            26.0
653.01            11.0
653.02             5.0
653.03             7.0
653.04             0.0
653.05             0.0
653.05             0.0
653.06             0.0
653.07             8.0
653.08             9.0
653.09             6.0
653.10             0.0
653.11             0.0
653.12             0.0
653.13             0.0
653.14            12.0
653.15            35.0
653.16            52.0
653.17            59.0
653.18            77.0
653.18           112.0
653.19           185.0
653.20           288.0
653.21           408.0
653.22           577.0
653.23           819.0
653.24           1120.0
653.25           1432.0
653.26           1715.0
653.27           1930.0
653.28           1980.0
653.29           1744.0
653.30           1249.0
653.30           750.0
653.31           418.0
653.32           244.0
653.33           124.0
653.34            70.0
653.35            60.0
653.36            65.0
653.37            57.0
653.38            45.0
653.39            36.0
653.40            28.0
653.41            26.0
653.42            20.0
653.43            17.0
653.43            20.0
653.44            16.0
653.45             8.0
653.46            12.0
653.47            20.0
653.48            24.0
653.49            19.0
653.50             4.0
653.51             0.0
653.52             0.0
653.53             0.0
653.54             0.0
653.55             5.0
653.55            10.0
653.56             9.0
653.57             0.0
653.58             0.0
653.59             0.0
653.60             0.0
653.61             0.0
653.62            14.0
653.63            16.0
653.64            14.0
653.65            16.0
653.66            20.0
653.67            20.0
653.68             5.0
653.68             0.0
653.69             0.0
653.70             5.0
653.71             9.0
653.72             1.0
653.73             1.0
653.74             0.0
653.75             0.0
653.76             0.0
653.77             0.0
653.78             0.0
653.79             0.0
653.80             0.0
653.80             0.0
653.81             0.0
653.82             5.0
653.83            11.0
653.84            14.0
653.85            19.0
653.86            28.0
653.87            18.0
653.88            10.0
653.89             0.0
653.90             0.0
653.91             0.0
653.92             0.0
653.93             7.0
653.93            11.0
653.94            11.0
653.95             6.0
653.96             5.0
653.97             0.0
653.98             0.0
653.99             0.0
654.00             0.0
654.01             0.0
654.02             0.0
654.03             0.0
654.04             8.0
654.05             1.0
654.05             0.0
654.06             0.0
654.07             0.0
654.08             0.0
654.09             7.0
654.10            15.0
654.11             5.0
654.12             0.0
654.13             9.0
654.14            16.0
654.15            14.0
654.16             2.0
654.17             0.0
654.18             0.0
654.18             0.0
654.19             2.0
654.20            11.0
654.21            17.0
654.22            17.0
654.23             5.0
654.24             0.0
654.25             0.0
654.26            12.0
654.27            20.0
654.28            16.0
654.29             8.0
654.30             0.0
654.30             0.0
654.31            10.0
654.32            23.0
654.33            19.0
654.34             0.0
654.35             0.0
654.36             0.0
654.37             0.0
654.38            13.0
654.39             5.0
654.40             4.0
654.41             7.0
654.42            13.0
654.43             8.0
654.43             0.0
654.44             0.0
654.45             7.0
654.46             7.0
654.47            12.0
654.48            17.0
654.49            19.0
654.50            18.0
654.51            13.0
654.52             4.0
654.53             0.0
654.54            12.0
654.55            12.0
654.55             0.0
654.56             0.0
654.57             0.0
654.58             0.0
654.59             0.0
654.60             0.0
654.61             0.0
654.62             1.0
654.63             6.0
654.64            13.0
654.65             9.0
654.66             0.0
654.67             0.0
654.68             4.0
654.68             0.0
654.69             0.0
654.70             0.0
654.71             3.0
654.72             6.0
654.73             2.0
654.74             0.0
654.75             0.0
654.76             0.0
654.77             0.0
654.78             0.0
654.79             0.0
654.80             0.0
654.80            15.0
654.81            22.0
654.82            26.0
654.83            21.0
654.84            10.0
654.85             2.0
654.86             0.0
654.87             0.0
654.88             0.0
654.89             1.0
654.90             7.0
654.91             0.0
654.92             0.0
654.93             0.0
654.93             9.0
654.94             3.0
654.95             0.0
654.96             0.0
654.97             4.0
654.98             5.0
654.99            13.0
655.00            11.0
655.01             6.0
655.02             0.0
655.03             0.0
655.04             0.0
655.05             2.0
655.05             3.0
655.06             8.0
655.07            19.0
655.08            21.0
655.09            10.0
655.10             3.0
655.11             0.0
655.12             0.0
655.13             0.0
655.14             0.0
655.15             0.0
655.16             1.0
655.17             0.0
655.18             0.0
655.18             0.0
655.19             4.0
655.20            15.0
655.21            15.0
655.22            16.0
655.23            14.0
655.24            18.0
655.25            20.0
655.26            18.0
655.27            12.0
655.28             8.0
655.29            11.0
655.30             7.0
655.30             4.0
655.31             3.0
655.32            13.0
655.33            18.0
655.34            22.0
655.35            28.0
655.36            23.0
655.37            18.0
655.38            10.0
655.39             6.0
655.40            11.0
655.41            23.0
655.42            26.0
655.43            10.0
655.43             2.0
655.44             1.0
655.45             2.0
655.46             3.0
655.47            13.0
655.48            17.0
655.49            21.0
655.50            18.0
655.51            16.0
655.52            13.0
655.53            19.0
655.54            12.0
655.55             0.0
655.55             0.0
655.56             0.0
655.57             0.0
655.58             0.0
655.59             3.0
655.60             7.0
655.61             3.0
655.62             2.0
655.63             3.0
655.64             3.0
655.65             7.0
655.66             6.0
655.67             2.0
655.68             4.0
655.68            18.0
655.69            16.0
655.70            11.0
655.71             1.0
655.72             0.0
655.73             0.0
655.74             0.0
655.75             8.0
655.76             8.0
655.77             4.0
655.78             2.0
655.79             5.0
655.80            13.0
655.80            11.0
655.81            17.0
655.82            19.0
655.83            18.0
655.84            12.0
655.85             8.0
655.86             4.0
655.87             0.0
655.88             3.0
655.89             0.0
655.90             3.0
655.91             1.0
655.92             9.0
655.92             7.0
655.93            16.0
655.94            19.0
655.95            17.0
655.96            15.0
655.97            13.0
655.98            12.0
655.99            11.0
656.00            18.0
656.01            13.0
656.02            12.0
656.03            12.0
656.04            10.0
656.05             0.0
656.05             0.0
656.06             3.0
656.07            18.0
656.08            22.0
656.09             8.0
656.10             8.0
656.11            14.0
656.12            18.0
656.13             3.0
656.14             0.0
656.15             0.0
656.16             0.0
656.17             0.0
656.17             0.0
656.18             0.0
656.19             4.0
656.20            14.0
656.21             4.0
656.22             2.0
656.23             5.0
656.24            17.0
656.25            19.0
656.26             7.0
656.27             0.0
656.28             0.0
656.29            15.0
656.30            24.0
656.30            15.0
656.31             0.0
656.32             0.0
656.33             9.0
656.34            18.0
656.35            24.0
656.36            35.0
656.37            26.0
656.38             1.0
656.39             0.0
656.40             0.0
656.41             1.0
656.42            11.0
656.42            15.0
656.43             5.0
656.44             8.0
656.45            14.0
656.46            20.0
656.47             7.0
656.48             4.0
656.49             6.0
656.50            16.0
656.51             9.0
656.52             5.0
656.53             0.0
656.54             4.0
656.55            21.0
656.55            33.0
656.56            22.0
656.57             2.0
656.58             0.0
656.59             1.0
656.60             0.0
656.61             0.0
656.62             0.0
656.63             7.0
656.64            10.0
656.65             7.0
656.66            19.0
656.67            29.0
656.67            24.0
656.68             9.0
656.69             0.0
656.70             4.0
656.71            14.0
656.72            25.0
656.73            19.0
656.74            13.0
656.75             1.0
656.76             0.0
656.77             0.0
656.78            18.0
656.79            14.0
656.80             0.0
656.80             0.0
656.81            10.0
656.82            20.0
656.83            19.0
656.84             9.0
656.85             0.0
656.86             0.0
656.87             0.0
656.88            13.0
656.89            27.0
656.90            12.0
656.91             0.0
656.92             0.0
656.92             8.0
656.93            16.0
656.94            15.0
656.95            10.0
656.96             9.0
656.97            15.0
656.98            12.0
656.99             0.0
657.00             0.0
657.01             0.0
657.02             0.0
657.03            16.0
657.04            20.0
657.05            13.0
657.05             2.0
657.06             1.0
657.07            11.0
657.08            18.0
657.09            13.0
657.10            15.0
657.11             9.0
657.12             5.0
657.13             0.0
657.14             0.0
657.15             0.0
657.16             0.0
657.17             7.0
657.17             0.0
657.18             0.0
657.19             5.0
657.20             3.0
657.21             0.0
657.22             0.0
657.23             0.0
657.24             0.0
657.25             0.0
657.26             0.0
657.27            16.0
657.28            22.0
657.29            17.0
657.30            12.0
657.30             7.0
657.31             3.0
657.32             5.0
657.33             5.0
657.34             0.0
657.35             0.0
657.36             9.0
657.37            25.0
657.38            37.0
657.39            26.0
657.40             8.0
657.41             0.0
657.42             1.0
657.42             0.0
657.43             0.0
657.44             0.0
657.45             3.0
657.46            10.0
657.47            21.0
657.48            16.0
657.49            16.0
657.50            16.0
657.51            16.0
657.52            15.0
657.53            11.0
657.54            10.0
657.55             7.0
657.55             0.0
657.56             0.0
657.57             0.0
657.58            14.0
657.59            26.0
657.60            22.0
657.61             6.0
657.62             0.0
657.63             6.0
657.64            11.0
657.65            11.0
657.66            18.0
657.67            22.0
657.67            13.0
657.68             3.0
657.69             0.0
657.70             0.0
657.71             0.0
657.72            20.0
657.73            29.0
657.74            30.0
657.75            20.0
657.76             9.0
657.77             7.0
657.78            13.0
657.79            16.0
657.80            12.0
657.80             0.0
657.81             5.0
657.82            11.0
657.83            18.0
657.84             9.0
657.85            11.0
657.86            12.0
657.87            10.0
657.88             4.0
657.89             0.0
657.90             5.0
657.91             1.0
657.92             2.0
657.92             0.0
657.93             0.0
657.94             0.0
657.95            11.0
657.96            10.0
657.97             0.0
657.98             0.0
657.99             2.0
658.00             6.0
658.01            12.0
658.02            22.0
658.03            18.0
658.04             4.0
658.05             0.0
658.05             0.0
658.06             0.0
658.07             0.0
658.08             0.0
658.09             3.0
658.10            18.0
658.11            17.0
658.12             5.0
658.13             7.0
658.14            16.0
658.15            28.0
658.16            26.0
658.17            19.0
658.17             1.0
658.18             0.0
658.19             0.0
658.20             0.0
658.21             0.0
658.22             0.0
658.23            11.0
658.24             3.0
658.25             0.0
658.26             0.0
658.27             1.0
658.28             2.0
658.29            11.0
658.30            12.0
658.30             6.0
658.31             0.0
658.32             6.0
658.33             8.0
658.34            10.0
658.35             8.0
658.36            12.0
658.37            16.0
658.38            21.0
658.39            19.0
658.40             8.0
658.41             1.0
658.42             0.0
658.42             9.0
658.43            21.0
658.44            28.0
658.45            13.0
658.46             0.0
658.47             0.0
658.48             6.0
658.49            11.0
658.50             7.0
658.51             4.0
658.52            10.0
658.53            11.0
658.54            10.0
658.55            11.0
658.55            10.0
658.56             4.0
658.57             0.0
658.58             0.0
658.59             0.0
658.60             4.0
658.61             9.0
658.62            18.0
658.63            14.0
658.64             3.0
658.65             2.0
658.66            17.0
658.67            13.0
658.67             6.0
658.68            11.0
658.69            21.0
658.70            21.0
658.71            21.0
658.72            26.0
658.73            13.0
658.74             3.0
658.75             2.0
658.76            14.0
658.77            19.0
658.78            10.0
658.79             9.0
658.80            10.0
658.80            10.0
658.81             2.0
658.82             0.0
658.83             0.0
658.84             0.0
658.85             0.0
658.86             0.0
658.87             0.0
658.88             0.0
658.89             0.0
658.90             0.0
658.91             2.0
658.92             0.0
658.92             0.0
658.93             0.0
658.94             0.0
658.95             0.0
658.96             0.0
658.97             0.0
658.98             0.0
658.99            10.0
659.00            18.0
659.01            14.0
659.02             4.0
659.03             6.0
659.04             9.0
659.05             9.0
659.05             5.0
659.06             0.0
659.07             0.0
659.08             0.0
659.09            16.0
659.10            27.0
659.11             8.0
659.12             0.0
659.13             0.0
659.14             0.0
659.15            10.0
659.16            22.0
659.17            16.0
659.17             9.0
659.18             5.0
659.19             4.0
659.20             0.0
659.21             0.0
659.22             0.0
659.23             0.0
659.24             8.0
659.25            15.0
659.26            10.0
659.27             7.0
659.28            13.0
659.29            22.0
659.30            23.0
659.30            13.0
659.31             6.0
659.32             0.0
659.33             3.0
659.34             0.0
659.35             0.0
659.36             1.0
659.37            14.0
659.38             8.0
659.39             0.0
659.40             0.0
659.41             1.0
659.42             0.0
659.42             0.0
659.43             2.0
659.44            21.0
659.45            13.0
659.46             0.0
659.47             0.0
659.48             0.0
659.49            10.0
659.50            10.0
659.51             0.0
659.52             0.0
659.53             7.0
659.54             4.0
659.55             0.0
659.55             0.0
659.56             0.0
659.57             0.0
659.58             6.0
659.59            18.0
659.60            16.0
659.61            10.0
659.62             5.0
659.63             6.0
659.64             6.0
659.65            17.0
659.66            20.0
659.67            19.0
659.67            11.0
659.68            11.0
659.69            13.0
659.70            11.0
659.71            19.0
659.72            16.0
659.73            18.0
659.74            32.0
659.75            45.0
659.76            47.0
659.77            35.0
659.78            45.0
659.79            55.0
659.80            78.0
659.80            97.0
659.81           123.0
659.82           165.0
659.83           247.0
659.84           360.0
659.85           549.0
659.86           864.0
659.87           1270.0
659.88           1735.0
659.89           2251.0
659.90           2783.0
659.91           3200.0
659.92           3308.0
659.92           2799.0
659.93           1823.0
659.94           923.0
659.95           471.0
659.96           282.0
659.97           175.0
659.98           110.0
659.99           100.0
660.00            95.0
660.01            85.0
660.02            76.0
660.03            80.0
660.04            70.0
660.05            58.0
660.05            41.0
660.06            38.0
660.07            39.0
660.08            47.0
660.09            42.0
660.10            41.0
660.11            36.0
660.12            39.0
660.13            33.0
660.14            28.0
660.15            18.0
660.16            18.0
660.17             9.0
660.17             5.0
660.18             0.0
660.19             0.0
660.20             0.0
660.21             0.0
660.22             0.0
660.23             0.0
660.24            14.0
660.25            25.0
660.26            27.0
660.27            14.0
660.28             0.0
660.29             0.0
660.30             9.0
660.30            21.0
660.31            22.0
660.32            26.0
660.33            34.0
660.34            20.0
660.35             5.0
660.36             0.0
660.37             0.0
660.38             0.0
660.39             0.0
660.40             0.0
660.41             9.0
660.42            30.0
660.42            15.0
660.43             1.0
660.44             0.0
660.45            12.0
660.46            11.0
660.47            13.0
660.48             4.0
660.49             0.0
660.50             0.0
660.51            21.0
660.52            18.0
660.53             0.0
660.54             0.0
660.55             0.0
660.55             0.0
660.56            14.0
660.57            13.0
660.58             0.0
660.59             0.0
660.60             1.0
660.61             8.0
660.62             4.0
660.63             9.0
660.64            17.0
660.65            21.0
660.66            14.0
660.67             5.0
660.67             0.0
660.68             0.0
660.69             0.0
660.70             7.0
660.71            21.0
660.72            24.0
660.73            16.0
660.74            11.0
660.75            16.0
660.76            23.0
660.77            29.0
660.78            19.0
660.79            12.0
660.80            10.0
660.80            20.0
660.81            14.0
660.82             6.0
660.83             0.0
660.84             0.0
660.85             0.0
660.86            23.0
660.87            27.0
660.88             6.0
660.89             0.0
660.90             0.0
660.91             0.0
660.92             0.0
660.92             0.0
660.93             0.0
660.94            12.0
660.95            17.0
660.96            11.0
660.97             1.0
660.98             2.0
660.99             8.0
661.00            13.0
661.01            10.0
661.02             0.0
661.03             0.0
661.04             8.0
661.05             1.0
661.05             0.0
661.06             0.0
661.07            10.0
661.08            16.0
661.09            13.0
661.10             8.0
661.11             7.0
661.12             9.0
661.13            12.0
661.14             0.0
661.15             0.0
661.16             0.0
661.17             8.0
661.17            10.0
661.18             0.0
661.19             0.0
661.20             4.0
661.21            19.0
661.22            28.0
661.23            34.0
661.24            31.0
661.25             9.0
661.26             0.0
661.27             0.0
661.28             0.0
661.29             0.0
661.30            14.0
661.30            19.0
661.31            10.0
661.32             2.0
661.33            13.0
661.34            35.0
661.35            34.0
661.36            19.0
661.37             0.0
661.38             3.0
661.39            10.0
661.40             6.0
661.41             0.0
661.42             0.0
661.42             0.0
661.43             0.0
661.44             0.0
661.45             0.0
661.46             0.0
661.47             9.0
661.48            10.0
661.49             3.0
661.50             1.0
661.51             3.0
661.52             5.0
661.53             0.0
661.54             0.0
661.55             0.0
661.55             0.0
661.56             0.0
661.57             0.0
661.58             5.0
661.59            15.0
661.60            15.0
661.61             0.0
661.62             0.0
661.63             0.0
661.64             0.0
661.65             0.0
661.66             0.0
661.67             0.0
661.67             0.0
661.68             0.0
661.69             0.0
661.70             0.0
661.71             0.0
661.72             0.0
661.73             0.0
661.74             0.0
661.75             7.0
661.76             2.0
661.77             0.0
661.78             0.0
661.79             1.0
661.80             0.0
661.80             0.0
661.81             0.0
661.82             0.0
661.83             5.0
661.84             2.0
661.85             4.0
661.86             8.0
661.87             6.0
661.88             0.0
661.89             0.0
661.90             2.0
661.91             6.0
661.92             5.0
661.92             0.0
661.93             0.0
661.94             2.0
661.95             7.0
661.96             6.0
661.97            11.0
661.98             5.0
661.99             0.0
662.00             0.0
662.01             2.0
662.02             0.0
662.03             0.0
662.04             0.0
662.05             0.0
662.05             0.0
662.06             0.0
662.07             0.0
662.08             0.0
662.09             3.0
662.10            11.0
662.11            15.0
662.12            19.0
662.13            28.0
662.14            24.0
662.15             6.0
662.16             0.0
662.17             4.0
662.17            10.0
662.18             6.0
662.19             0.0
662.20             0.0
662.21             0.0
662.22             7.0
662.23             3.0
662.24             0.0
662.25             0.0
662.26             0.0
662.27             0.0
662.28             0.0
662.29             0.0
662.30             0.0
662.30             0.0
662.31            11.0
662.32            14.0
662.33             9.0
662.34             1.0
662.35             0.0
662.36             0.0
662.37             0.0
662.38             0.0
662.39             0.0
662.40             0.0
662.41             0.0
662.42             0.0
662.42             0.0
662.43             0.0
662.44             0.0
662.45             0.0
662.46             0.0
662.47             0.0
662.48             0.0
662.49             0.0
662.50             0.0
662.51             0.0
662.52             0.0
662.53             4.0
662.54            10.0
662.55             6.0
662.55             0.0
662.56             0.0
662.57             0.0
662.58             0.0
662.59             0.0
662.60             0.0
662.61             0.0
662.62             0.0
662.63             0.0
662.64             0.0
662.65             0.0
662.66             0.0
662.67             0.0
662.67             0.0
662.68             0.0
662.69             0.0
662.70             0.0
662.71             0.0
662.72             0.0
662.73             3.0
662.74             4.0
662.75             0.0
662.76             0.0
662.77             0.0
662.78             0.0
662.79             3.0
662.80             9.0
662.80             0.0
662.81             0.0
662.82             0.0
662.83             0.0
662.84             0.0
662.85             0.0
662.86             0.0
662.87             1.0
662.88             0.0
662.89             0.0
662.90             0.0
662.91             0.0
662.92             0.0
662.92             0.0
662.93             2.0
662.94             0.0
662.95             0.0
662.96             0.0
662.97             0.0
662.98            10.0
662.99            20.0
663.00            13.0
663.01             8.0
663.02             7.0
663.03             1.0
663.04             0.0
663.05             4.0
663.05             8.0
663.06             0.0
663.07             0.0
663.08             0.0
663.09             0.0
663.10             0.0
663.11             0.0
663.12             2.0
663.13             8.0
663.14             2.0
663.15             0.0
663.16             0.0
663.17             0.0
663.17             3.0
663.18             7.0
663.19            12.0
663.20            21.0
663.21            23.0
663.22            10.0
663.23             0.0
663.24             0.0
663.25             0.0
663.26             0.0
663.27             0.0
663.28             0.0
663.29            11.0
663.29            10.0
663.30             1.0
663.31             2.0
663.32             0.0
663.33             1.0
663.34             4.0
663.35             9.0
663.36             0.0
663.37             0.0
663.38             0.0
663.39             0.0
663.40            12.0
663.41            14.0
663.42            11.0
663.42             0.0
663.43             0.0
663.44             0.0
663.45             0.0
663.46             0.0
663.47             0.0
663.48             0.0
663.49             0.0
663.50             4.0
663.51            14.0
663.52             6.0
663.53             0.0
663.54             0.0
663.54             7.0
663.55            16.0
663.56            10.0
663.57             6.0
663.58             3.0
663.59             9.0
663.60            18.0
663.61            20.0
663.62             9.0
663.63             0.0
663.64             0.0
663.65             4.0
663.66             5.0
663.67             1.0
663.67             9.0
663.68            15.0
663.69            13.0
663.70             8.0
663.71             8.0
663.72             0.0
663.73             0.0
663.74             4.0
663.75             5.0
663.76             0.0
663.77             4.0
663.78             0.0
663.79             0.0
663.79             0.0
663.80             0.0
663.81             2.0
663.82            10.0
663.83            14.0
663.84             9.0
663.85             3.0
663.86             6.0
663.87             3.0
663.88             2.0
663.89             0.0
663.90             4.0
663.91             8.0
663.92             8.0
663.92             4.0
663.93             3.0
663.94             9.0
663.95            16.0
663.96            12.0
663.97             3.0
663.98             0.0
663.99             2.0
664.00             0.0
664.01             0.0
664.02             0.0
664.03             6.0
664.04             4.0
664.04             0.0
664.05             0.0
664.06            11.0
664.07            16.0
664.08            10.0
664.09             0.0
664.10             0.0
664.11             0.0
664.12             0.0
664.13             7.0
664.14            17.0
664.15            16.0
664.16            10.0
664.17             2.0
664.17             0.0
664.18             0.0
664.19             0.0
664.20             0.0
664.21             6.0
664.22             0.0
664.23             0.0
664.24             0.0
664.25            10.0
664.26            21.0
664.27            19.0
664.28            13.0
664.29             0.0
664.29             0.0
664.30             0.0
664.31             0.0
664.32             0.0
664.33             0.0
664.34             0.0
664.35             0.0
664.36             1.0
664.37            14.0
664.38            17.0
664.39             7.0
664.40             0.0
664.41             0.0
664.42             0.0
664.42             0.0
664.43             1.0
664.44            13.0
664.45            18.0
664.46            11.0
664.47             5.0
664.48             8.0
664.49             4.0
664.50             0.0
664.51             0.0
664.52             0.0
664.53             0.0
664.54             0.0
664.54            12.0
664.55            18.0
664.56            18.0
664.57            16.0
664.58             5.0
664.59             0.0
664.60             0.0
664.61             0.0
664.62             0.0
664.63             0.0
664.64             0.0
664.65             0.0
664.66             0.0
664.67             0.0
664.67             0.0
664.68             0.0
664.69             0.0
664.70             2.0
664.71             3.0
664.72             0.0
664.73             3.0
664.74             1.0
664.75             0.0
664.76             0.0
664.77             0.0
664.78             1.0
664.79             8.0
664.79             0.0
664.80             0.0
664.81             1.0
664.82             0.0
664.83             0.0
664.84             0.0
664.85            11.0
664.86            11.0
664.87             6.0
664.88             9.0
664.89            13.0
664.90            14.0
664.91            14.0
664.92            11.0
664.92            13.0
664.93            15.0
664.94             9.0
664.95             3.0
664.96             0.0
664.97            17.0
664.98            26.0
664.99            21.0
665.00             0.0
665.01             7.0
665.02            19.0
665.03            18.0
665.04            11.0
665.04            10.0
665.05             4.0
665.06             0.0
665.07             3.0
665.08             0.0
665.09             0.0
665.10             0.0
665.11             7.0
665.12            13.0
665.13            11.0
665.14             1.0
665.15             0.0
665.16             0.0
665.17            15.0
665.17            26.0
665.18             0.0
665.19             0.0
665.20             0.0
665.21             0.0
665.22             0.0
665.23             0.0
665.24             0.0
665.25             0.0
665.26             0.0
665.27             4.0
665.28             2.0
665.29             0.0
665.29            12.0
665.30            32.0
665.31            23.0
665.32            13.0
665.33            13.0
665.34            16.0
665.35            11.0
665.36            13.0
665.37            18.0
665.38            12.0
665.39            10.0
665.40            13.0
665.41            20.0
665.42            22.0
665.42            23.0
665.43            17.0
665.44            10.0
665.45             8.0
665.46            14.0
665.47            19.0
665.48            23.0
665.49            13.0
665.50             1.0
665.51             0.0
665.52            24.0
665.53            34.0
665.54            26.0
665.54             9.0
665.55             7.0
665.56             3.0
665.57             0.0
665.58             0.0
665.59             8.0
665.60            18.0
665.61            20.0
665.62            17.0
665.63            19.0
665.64            21.0
665.65            24.0
665.66            27.0
665.67            25.0
665.67            22.0
665.68            24.0
665.69            23.0
665.70            11.0
665.71             7.0
665.72             8.0
665.73            13.0
665.74            17.0
665.75            19.0
665.76             5.0
665.77             4.0
665.78            15.0
665.79            21.0
665.79             2.0
665.80             3.0
665.81            13.0
665.82            15.0
665.83             0.0
665.84             0.0
665.85             5.0
665.86            19.0
665.87            23.0
665.88            22.0
665.89            18.0
665.90            22.0
665.91            17.0
665.92            13.0
665.92            12.0
665.93             5.0
665.94             8.0
665.95            14.0
665.96            33.0
665.97            34.0
665.98            24.0
665.99            14.0
666.00            16.0
666.01            23.0
666.02            18.0
666.03            18.0
666.04            27.0
666.04            35.0
666.05            27.0
666.06            12.0
666.07             2.0
666.08             6.0
666.09            14.0
666.10            13.0
666.11             4.0
666.12             0.0
666.13             0.0
666.14             9.0
666.15            24.0
666.16            13.0
666.17             3.0
666.17             9.0
666.18            15.0
666.19            12.0
666.20            18.0
666.21            21.0
666.22            15.0
666.23             9.0
666.24             6.0
666.25             0.0
666.26             8.0
666.27            24.0
666.28            29.0
666.29            23.0
666.29            21.0
666.30            15.0
666.31            10.0
666.32            17.0
666.33            13.0
666.34             9.0
666.35            13.0
666.36            24.0
666.37            16.0
666.38             7.0
666.39             0.0
666.40             0.0
666.41             0.0
666.42            14.0
666.42            18.0
666.43            13.0
666.44             5.0
666.45             9.0
666.46            14.0
666.47             8.0
666.48             9.0
666.49            12.0
666.50             9.0
666.51             8.0
666.52            30.0
666.53            35.0
666.54            18.0
666.54             0.0
666.55             0.0
666.56             0.0
666.57             0.0
666.58             7.0
666.59            10.0
666.60             4.0
666.61             2.0
666.62             6.0
666.63            12.0
666.64            17.0
666.65            22.0
666.66            21.0
666.67             9.0
666.67             0.0
666.68             3.0
666.69             5.0
666.70            13.0
666.71            14.0
666.72            13.0
666.73             9.0
666.74            18.0
666.75            20.0
666.76             6.0
666.77             0.0
666.78             0.0
666.79            18.0
666.79            30.0
666.80            24.0
666.81             5.0
666.82             2.0
666.83             5.0
666.84             9.0
666.85             0.0
666.86             0.0
666.87             0.0
666.88             8.0
666.89            11.0
666.90             7.0
666.91             3.0
666.92             7.0
666.92             4.0
666.93             0.0
666.94             1.0
666.95             5.0
666.96             6.0
666.97             5.0
666.98            14.0
666.99            12.0
667.00             7.0
667.01            14.0
667.02            25.0
667.03            14.0
667.04             0.0
667.04             0.0
667.05             0.0
667.06            14.0
667.07            26.0
667.08            18.0
667.09             5.0
667.10             0.0
667.11             0.0
667.12             0.0
667.13             0.0
667.14             9.0
667.15            18.0
667.16            16.0
667.17            17.0
667.17            19.0
667.18            15.0
667.19            12.0
667.20            19.0
667.21            24.0
667.22            26.0
667.23            26.0
667.24            24.0
667.25            23.0
667.26            26.0
667.27            27.0
667.28            33.0
667.29            27.0
667.29             6.0
667.30             0.0
667.31             0.0
667.32             3.0
667.33            11.0
667.34            14.0
667.35            21.0
667.36            22.0
667.37            25.0
667.38            15.0
667.39            15.0
667.40            10.0
667.41            16.0
667.42            14.0
667.42            14.0
667.43            11.0
667.44             3.0
667.45             0.0
667.46             3.0
667.47            20.0
667.48            27.0
667.49            29.0
667.50            12.0
667.51             0.0
667.52             0.0
667.53             6.0
667.54             0.0
667.54             0.0
667.55             0.0
667.56             0.0
667.57             0.0
667.58             6.0
667.59             9.0
667.60             9.0
667.61            14.0
667.62            16.0
667.63             8.0
667.64             0.0
667.65            11.0
667.66            21.0
667.67            23.0
667.67            28.0
667.68            34.0
667.69            29.0
667.70            15.0
667.71           249.0
667.72           249.0
