510.0      496.5
510.1      485.0
510.2      495.0
510.3      494.5
510.4      486.5
510.5      519.5
510.6      496.9
510.7      501.1
510.8      509.1
510.9      526.7
511.0      539.5
511.1      545.1
511.2      569.9
511.3      569.0
511.4      597.0
511.5      587.1
511.6      632.5
511.7      661.4
511.8      747.9
511.9      798.0
512.0      815.7
512.1      843.1
512.2      916.7
512.3      917.5
512.4      963.4
512.5      950.2
512.6      976.4
512.7      985.6
512.8      1055.8
512.9      1053.0
513.0      1101.8
513.1      1040.2
513.2      989.9
513.3      933.5
513.4      930.5
513.5      867.0
513.6      868.0
513.7      815.9
513.8      785.3
513.9      794.5
514.0      778.1
514.1      811.4
514.2      831.6
514.3      830.3
514.4      801.2
514.5      804.5
514.6      813.9
514.7      832.4
514.8      843.9
514.9      828.2
515.0      857.5
515.1      845.0
515.2      850.5
515.3      855.5
515.4      851.1
515.5      859.5
515.6      878.3
515.7      921.9
515.8      938.9
515.9      904.5
516.0      915.5
516.1      918.5
516.2      958.9
516.3      930.5
516.4      935.0
516.5      921.5
516.6      949.4
516.7      978.3
516.8      994.1
516.9      1020.7
517.0      1001.5
517.1      1050.5
517.2      1024.8
517.3      1048.5
517.4      1019.0
517.5      1058.0
517.6      1008.0
517.7      1027.4
517.8      1047.5
517.9      1038.4
518.0      1072.3
518.1      1051.0
518.2      1046.5
518.3      1059.5
518.4      1061.6
518.5      1142.5
518.6      1133.5
518.7      1162.7
518.8      1148.0
518.9      1145.8
519.0      1169.8
519.1      1198.0
519.2      1192.4
519.3      1214.0
519.4      1186.8
519.5      1218.0
519.6      1238.9
519.7      1275.5
519.8      1271.5
519.9      1315.5
520.0      1374.0
520.1      1479.1
520.2      1585.3
520.3      1702.3
520.4      1953.3
520.5      2254.1
520.6      2681.6
520.7      3369.4
520.8      5053.7
520.9      7510.9
521.0      9680.5
521.1      9617.0
521.2      9370.4
521.3      7418.4
521.4      5411.8
521.5      4132.0
521.6      3357.6
521.7      2902.5
521.8      2503.5
521.9      2221.2
522.0      1964.5
522.1      1795.0
522.2      1785.5
522.3      1775.0
522.4      1816.5
522.5      1855.4
522.6      1833.0
522.7      1882.5
522.8      1860.1
522.9      1901.8
523.0      1950.6
523.1      1978.1
523.2      2011.5
523.3      2036.0
523.4      2112.7
523.5      2108.5
523.6      2184.0
523.7      2194.4
523.8      2262.2
523.9      2297.2
524.0      2375.0
524.1      2512.8
524.2      2675.0
524.3      2857.8
524.4      3067.8
524.5      3450.4
524.6      4356.7
524.7      6056.4
524.8      8596.8
524.9      11192.0
525.0      11871.5
525.1      12337.0
525.2      10363.9
525.3      7963.5
525.4      6091.7
525.5      5119.3
525.6      4641.9
525.7      4481.7
525.8      4431.0
525.9      4371.9
526.0      4247.8
526.1      4086.5
526.2      4105.5
526.3      4122.2
526.4      4245.9
526.5      4397.3
526.6      4568.3
526.7      4778.8
526.8      4998.7
526.9      5354.2
527.0      5762.3
527.1      6345.3
527.2      7245.0
527.3      8774.7
527.4      11255.2
527.5      14690.0
527.6      17519.4
527.7      17223.5
527.8      16498.2
527.9      13416.8
528.0      10498.7
528.1      8739.7
528.2      7952.9
528.3      7521.8
528.4      7207.0
528.5      6957.4
528.6      6822.3
528.7      6723.5
528.8      6733.2
528.9      6695.5
529.0      6806.0
529.1      6780.7
529.2      6879.6
529.3      6955.3
529.4      7011.2
529.5      7035.0
529.6      7121.0
529.7      7095.0
529.8      7299.5
529.9      7281.5
530.0      7445.5
530.1      7584.8
530.2      7709.5
530.3      7772.4
530.4      7888.4
530.5      7997.1
530.6      8111.1
530.7      8070.3
530.8      8300.9
530.9      8708.1
531.0      9163.1
531.1      9386.0
531.2      9624.1
531.3      10067.3
531.4      10638.3
531.5      11137.3
531.6      11666.4
531.7      12465.5
531.8      13309.4
531.9      14252.9
532.0      15439.9
532.1      16947.6
532.2      18630.5
532.3      20552.0
532.4      22969.5
532.5      25546.8
532.6      28460.4
532.7      31676.6
532.8      35934.1
532.9      41064.2
533.0      46851.8
533.1      53350.2
533.2      61081.9
533.3      69059.6
533.4      85404.3
533.5      153649.9
533.6      631182.6
533.7      1400651.6
533.8      2057174.4
533.9      2161410.5
534.0      2156837.5
534.1      2014095.2
534.2      1253297.6
534.3      457246.6
534.4      192323.5
534.5      79279.2
534.6      72860.3
534.7      62442.1
534.8      54509.3
534.9      48291.6
535.0      42706.7
535.1      38129.2
535.2      34039.3
535.3      30396.4
535.4      27277.3
535.5      24668.3
535.6      22376.9
535.7      20318.7
535.8      18526.0
535.9      17136.1
536.0      15961.6
536.1      14854.2
536.2      13884.7
536.3      13031.2
536.4      12385.6
536.5      11636.6
536.6      11007.9
536.7      10429.0
536.8      10159.7
536.9      9904.0
537.0      9573.2
537.1      9128.4
537.2      8931.3
537.3      8708.9
537.4      8541.4
537.5      8321.7
537.6      8251.6
537.7      7997.3
537.8      7827.8
537.9      7715.0
538.0      7680.6
538.1      7761.0
538.2      7806.9
538.3      7973.6
538.4      8029.8
538.5      7967.5
538.6      8069.5
538.7      7936.0
538.8      8016.5
538.9      7887.3
539.0      7986.0
539.1      7935.2
539.2      8141.1
539.3      8201.7
539.4      8361.4
539.5      8535.0
539.6      8819.0
539.7      9278.1
539.8      10107.2
539.9      11047.2
540.0      12814.0
540.1      16471.9
540.2      22788.3
540.3      30002.4
540.4      34936.2
540.5      33309.0
540.6      30850.8
540.7      23983.0
540.8      17750.1
540.9      14110.0
541.0      12162.3
541.1      10995.5
541.2      10164.9
541.3      9443.4
541.4      8952.3
541.5      8489.7
541.6      8152.8
541.7      7880.5
541.8      7752.7
541.9      7603.9
542.0      7543.3
542.1      7332.8
542.2      7461.0
542.3      7377.7
542.4      7819.1
542.5      8378.2
542.6      9232.3
542.7      10515.5
542.8      12878.3
542.9      17074.3
543.0      23692.7
543.1      31151.6
543.2      36234.8
543.3      36203.5
543.4      30898.1
543.5      22617.9
543.6      15042.2
543.7      10340.1
543.8      7923.8
543.9      6486.9
544.0      5574.6
544.1      5007.0
544.2      4554.8
544.3      4191.5
544.4      3935.3
544.5      3739.2
544.6      3694.2
544.7      3543.2
544.8      3331.9
544.9      3082.9
545.0      3145.5
545.1      3016.5
545.2      3127.5
545.3      3061.1
545.4      3163.1
545.5      3129.0
545.6      3150.9
545.7      3071.5
545.8      3036.1
545.9      3006.8
546.0      3019.5
546.1      2994.4
546.2      3060.5
546.3      3046.7
546.4      3136.2
546.5      3402.2
546.6      3983.5
546.7      4914.4
546.8      6071.9
546.9      7379.1
547.0      9080.6
547.1      11691.7
547.2      15452.6
547.3      20714.2
547.4      28606.4
547.5      38734.5
547.6      46889.3
547.7      45278.0
547.8      42681.7
547.9      30922.2
548.0      21616.6
548.1      15370.1
548.2      11745.1
548.3      7833.4
548.4      6427.1
548.5      4983.8
548.6      3946.3
548.7      3283.4
548.8      2848.5
548.9      2623.9
549.0      2559.4
549.1      2513.7
549.2      2448.4
549.3      2456.5
549.4      2397.5
549.5      2393.6
549.6      2288.6
549.7      2273.5
549.8      2275.0
549.9      2264.5
550.0      2251.0
550.1      2273.0
550.2      2156.5
550.3      2164.2
550.4      2128.0
550.5      2090.9
550.6      2141.8
550.7      2089.5
550.8      2087.6
550.9      2021.6
551.0      2000.2
551.1      1983.0
551.2      1972.5
551.3      1929.9
551.4      1872.3
551.5      1888.5
551.6      1892.8
551.7      1902.8
551.8      1894.5
551.9      1888.7
552.0      1873.5
552.1      1880.9
552.2      1877.5
552.3      1888.6
552.4      1884.3
552.5      1864.9
552.6      1832.8
552.7      1824.7
552.8      1792.7
552.9      1739.3
553.0      1742.0
553.1      1658.5
553.2      1676.3
553.3      1641.5
553.4      1673.0
553.5      1705.3
553.6      1661.0
553.7      1690.7
553.8      1636.5
553.9      1675.5
554.0      1654.3
554.1      1695.9
554.2      1649.3
554.3      1677.5
554.4      1537.5
554.5      1610.0
554.6      1543.0
554.7      1600.3
554.8      1564.0
554.9      1638.0
555.0      1582.1
555.1      1641.3
555.2      1687.5
555.3      1714.1
555.4      1740.5
555.5      1761.4
555.6      1876.3
555.7      1978.9
555.8      2091.8
555.9      2277.5
556.0      2554.1
556.1      2915.3
556.2      3371.8
556.3      4007.0
556.4      4785.7
556.5      5684.8
556.6      6605.1
556.7      7201.0
556.8      7353.0
556.9      7241.0
557.0      7156.9
557.1      6773.5
557.2      6492.3
557.3      6561.5
557.4      6696.8
557.5      7077.6
557.6      7158.5
557.7      7262.4
557.8      6988.0
557.9      6422.8
558.0      5712.4
558.1      4902.1
558.2      4156.2
558.3      3453.8
558.4      2996.9
558.5      2623.8
558.6      2270.8
558.7      1999.5
558.8      1867.3
558.9      1719.0
559.0      1566.0
559.1      1469.7
559.2      1406.0
559.3      1340.6
559.4      1277.6
559.5      1235.0
559.6      1223.5
559.7      1166.1
559.8      1168.9
559.9      1114.4
560.0      1127.5
560.1      1081.7
560.2      1082.4
560.3      1082.0
560.4      1030.5
560.5      1046.9
560.6      1034.0
560.7      1015.7
560.8      1033.0
560.9      990.5
561.0      1025.9
561.1      996.6
561.2      937.6
561.3      953.5
561.4      891.5
561.5      959.5
561.6      934.5
561.7      936.5
561.8      923.2
561.9      898.6
562.0      881.7
562.1      866.9
562.2      877.5
562.3      868.9
562.4      858.2
562.5      856.7
562.6      860.0
562.7      841.2
562.8      858.5
562.9      817.4
563.0      855.1
563.1      808.5
563.2      857.5
563.3      833.2
563.4      832.4
563.5      809.9
563.6      761.0
563.7      822.5
563.8      754.0
563.9      833.0
564.0      806.2
564.1      814.0
564.2      777.9
564.3      771.5
564.4      755.4
564.5      761.1
564.6      764.7
564.7      776.1
564.8      795.6
564.9      790.0
565.0      795.2
