482.05           189.0
482.06           204.0
482.07           220.0
482.08           215.0
482.09           228.0
482.10           245.0
482.11           248.0
482.12           223.0
482.13           212.0
482.14           217.0
482.15           236.0
482.17           233.0
482.18           232.0
482.19           232.0
482.20           250.0
482.21           234.0
482.22           226.0
482.23           207.0
482.24           230.0
482.25           246.0
482.26           225.0
482.27           185.0
482.29           201.0
482.30           217.0
482.31           214.0
482.32           197.0
482.33           214.0
482.34           208.0
482.35           208.0
482.36           181.0
482.37           184.0
482.38           193.0
482.40           225.0
482.41           221.0
482.42           207.0
482.43           193.0
482.44           216.0
482.45           224.0
482.46           216.0
482.47           195.0
482.48           207.0
482.49           207.0
482.50           215.0
482.52           209.0
482.53           221.0
482.54           216.0
482.55           224.0
482.56           212.0
482.57           216.0
482.58           207.0
482.59           219.0
482.60           211.0
482.61           214.0
482.62           209.0
482.64           226.0
482.65           234.0
482.66           236.0
482.67           202.0
482.68           194.0
482.69           205.0
482.70           221.0
482.71           205.0
482.72           198.0
482.73           207.0
482.74           214.0
482.76           201.0
482.77           213.0
482.78           223.0
482.79           234.0
482.80           217.0
482.81           203.0
482.82           185.0
482.83           195.0
482.84           216.0
482.85           227.0
482.86           217.0
482.88           213.0
482.89           195.0
482.90           187.0
482.91           177.0
482.92           192.0
482.93           176.0
482.94           181.0
482.95           198.0
482.96           226.0
482.97           203.0
482.98           195.0
483.00           181.0
483.01           194.0
483.02           189.0
483.03           204.0
483.04           207.0
483.05           215.0
483.06           184.0
483.07           174.0
483.08           179.0
483.09           210.0
483.10           203.0
483.12           212.0
483.13           200.0
483.14           204.0
483.15           178.0
483.16           186.0
483.17           194.0
483.18           209.0
483.19           190.0
483.20           181.0
483.21           175.0
483.22           181.0
483.24           194.0
483.25           216.0
483.26           202.0
483.27           206.0
483.28           213.0
483.29           233.0
483.30           215.0
483.31           209.0
483.32           189.0
483.33           201.0
483.35           200.0
483.36           201.0
483.37           178.0
483.38           195.0
483.39           201.0
483.40           220.0
483.41           214.0
483.42           218.0
483.43           177.0
483.44           170.0
483.45           181.0
483.47           208.0
483.48           198.0
483.49           206.0
483.50           191.0
483.51           172.0
483.52           148.0
483.53           173.0
483.54           194.0
483.55           196.0
483.56           160.0
483.57           166.0
483.59           176.0
483.60           183.0
483.61           175.0
483.62           190.0
483.63           185.0
483.64           175.0
483.65           166.0
483.66           170.0
483.67           167.0
483.68           169.0
483.69           163.0
483.71           166.0
483.72           154.0
483.73           160.0
483.74           179.0
483.75           206.0
483.76           190.0
483.77           179.0
483.78           173.0
483.79           176.0
483.80           167.0
483.81           174.0
483.83           182.0
483.84           179.0
483.85           171.0
483.86           176.0
483.87           178.0
483.88           187.0
483.89           184.0
483.90           185.0
483.91           184.0
483.92           200.0
483.93           201.0
483.95           199.0
483.96           181.0
483.97           170.0
483.98           164.0
483.99           176.0
484.00           175.0
484.01           186.0
484.02           182.0
484.03           183.0
484.04           182.0
484.05           187.0
484.07           179.0
484.08           172.0
484.09           167.0
484.10           160.0
484.11           163.0
484.12           164.0
484.13           148.0
484.14           150.0
484.15           152.0
484.16           156.0
484.17           140.0
484.19           155.0
484.20           169.0
484.21           173.0
484.22           152.0
484.23           147.0
484.24           150.0
484.25           168.0
484.26           171.0
484.27           187.0
484.28           194.0
484.30           197.0
484.31           171.0
484.32           160.0
484.33           136.0
484.34           137.0
484.35           137.0
484.36           157.0
484.37           148.0
484.38           147.0
484.39           142.0
484.40           148.0
484.42           152.0
484.43           171.0
484.44           182.0
484.45           194.0
484.46           174.0
484.47           171.0
484.48           149.0
484.49           145.0
484.50           141.0
484.51           162.0
484.52           160.0
484.54           163.0
484.55           152.0
484.56           160.0
484.57           159.0
484.58           168.0
484.59           160.0
484.60           166.0
484.61           164.0
484.62           167.0
484.63           154.0
484.64           169.0
484.66           166.0
484.67           155.0
484.68           123.0
484.69           124.0
484.70           131.0
484.71           154.0
484.72           170.0
484.73           194.0
484.74           201.0
484.75           197.0
484.76           174.0
484.78           172.0
484.79           180.0
484.80           186.0
484.81           180.0
484.82           173.0
484.83           158.0
484.84           161.0
484.85           162.0
484.86           161.0
484.87           140.0
484.88           142.0
484.90           137.0
484.91           145.0
484.92           151.0
484.93           171.0
484.94           168.0
484.95           164.0
484.96           144.0
484.97           141.0
484.98           146.0
484.99           164.0
485.00           150.0
485.02           151.0
485.03           155.0
485.04           157.0
485.05           138.0
485.06           144.0
485.07           156.0
485.08           157.0
485.09           143.0
485.10           153.0
485.11           157.0
485.12           154.0
485.14           127.0
485.15           142.0
485.16           157.0
485.17           169.0
485.18           147.0
485.19           146.0
485.20           143.0
485.21           160.0
485.22           147.0
485.23           139.0
485.25           134.0
485.26           161.0
485.27           168.0
485.28           171.0
485.29           159.0
485.30           163.0
485.31           155.0
485.32           147.0
485.33           137.0
485.34           163.0
485.35           179.0
485.37           181.0
485.38           167.0
485.39           161.0
485.40           154.0
485.41           150.0
485.42           144.0
485.43           142.0
485.44           142.0
485.45           158.0
485.46           162.0
485.47           163.0
485.49           152.0
485.50           162.0
485.51           163.0
485.52           155.0
485.53           136.0
485.54           144.0
485.55           155.0
485.56           152.0
485.57           127.0
485.58           133.0
485.59           148.0
485.61           171.0
485.62           173.0
485.63           187.0
485.64           181.0
485.65           187.0
485.66           162.0
485.67           157.0
485.68           152.0
485.69           170.0
485.70           159.0
485.71           156.0
485.73           145.0
485.74           154.0
485.75           136.0
485.76           139.0
485.77           151.0
485.78           183.0
485.79           172.0
485.80           157.0
485.81           140.0
485.82           161.0
485.83           167.0
485.85           163.0
485.86           148.0
485.87           151.0
485.88           147.0
485.89           153.0
485.90           157.0
485.91           164.0
485.92           160.0
485.93           159.0
485.94           152.0
485.95           159.0
485.97           146.0
485.98           153.0
485.99           169.0
486.00           180.0
486.01           155.0
486.02           149.0
486.03           162.0
486.04           181.0
486.05           171.0
486.06           184.0
486.07           229.0
486.09           366.0
486.10           598.0
486.11           968.0
486.12           1442.0
486.13           1945.0
486.14           2318.0
486.15           2540.0
486.16           2606.0
486.17           2536.0
486.18           2306.0
486.20           2001.0
486.21           1620.0
486.22           1203.0
486.23           800.0
486.24           520.0
486.25           350.0
486.26           265.0
486.27           216.0
486.28           196.0
486.29           173.0
486.30           165.0
486.32           165.0
486.33           172.0
486.34           161.0
486.35           153.0
486.36           149.0
486.37           157.0
486.38           149.0
486.39           146.0
486.40           146.0
486.41           163.0
486.42           160.0
486.44           155.0
486.45           155.0
486.46           176.0
486.47           181.0
486.48           170.0
486.49           156.0
486.50           157.0
486.51           152.0
486.52           145.0
486.53           135.0
486.54           142.0
486.56           139.0
486.57           145.0
486.58           139.0
486.59           141.0
486.60           135.0
486.61           141.0
486.62           140.0
486.63           149.0
486.64           156.0
486.65           160.0
486.66           165.0
486.68           175.0
486.69           175.0
486.70           174.0
486.71           172.0
486.72           184.0
486.73           170.0
486.74           153.0
486.75           129.0
486.76           149.0
486.77           146.0
486.78           143.0
486.80           141.0
486.81           163.0
486.82           158.0
486.83           161.0
486.84           161.0
486.85           169.0
486.86           162.0
486.87           172.0
486.88           170.0
486.89           165.0
486.90           144.0
486.92           142.0
486.93           152.0
486.94           165.0
486.95           154.0
486.96           138.0
486.97           128.0
486.98           137.0
486.99           158.0
487.00           186.0
487.01           187.0
487.02           177.0
487.04           150.0
487.05           143.0
487.06           138.0
487.07           146.0
487.08           134.0
487.09           140.0
487.10           145.0
487.11           165.0
487.12           154.0
487.13           160.0
487.15           163.0
487.16           169.0
487.17           139.0
487.18           134.0
487.19           133.0
487.20           141.0
487.21           131.0
487.22           148.0
487.23           174.0
487.24           172.0
487.25           148.0
487.27           141.0
487.28           165.0
487.29           171.0
487.30           156.0
487.31           142.0
487.32           142.0
487.33           159.0
487.34           147.0
487.35           143.0
487.36           137.0
487.37           159.0
487.39           146.0
487.40           131.0
487.41           120.0
487.42           135.0
487.43           133.0
487.44           140.0
487.45           142.0
487.46           141.0
487.47           141.0
487.48           149.0
487.49           146.0
487.51           136.0
487.52           141.0
487.53           145.0
487.54           135.0
487.55           130.0
487.56           126.0
487.57           158.0
487.58           168.0
487.59           168.0
487.60           149.0
487.61           150.0
487.63           137.0
487.64           130.0
487.65           123.0
487.66           133.0
487.67           143.0
487.68           148.0
487.69           131.0
487.70           133.0
487.71           147.0
487.72           162.0
487.73           149.0
487.75           148.0
487.76           152.0
487.77           163.0
487.78           157.0
487.79           151.0
487.80           132.0
487.81           137.0
487.82           137.0
487.83           146.0
487.84           132.0
487.85           125.0
487.87           116.0
487.88           119.0
487.89           125.0
487.90           135.0
487.91           142.0
487.92           149.0
487.93           145.0
487.94           140.0
487.95           126.0
487.96           135.0
487.98           141.0
487.99           144.0
488.00           121.0
488.01           110.0
488.02           112.0
488.03           132.0
488.04           139.0
488.05           133.0
488.06           128.0
488.07           128.0
488.08           115.0
488.10           117.0
488.11           133.0
488.12           153.0
488.13           143.0
488.14           140.0
488.15           147.0
488.16           152.0
488.17           141.0
488.18           140.0
488.19           137.0
488.20           132.0
488.22           133.0
488.23           150.0
488.24           143.0
488.25           133.0
488.26           121.0
488.27           125.0
488.28           130.0
488.29           145.0
488.30           148.0
488.31           149.0
488.32           139.0
488.34           144.0
488.35           150.0
488.36           158.0
488.37           144.0
488.38           141.0
488.39           141.0
488.40           150.0
488.41           152.0
488.42           164.0
488.43           155.0
488.44           145.0
488.46           129.0
488.47           123.0
488.48           109.0
488.49           117.0
488.50           129.0
488.51           120.0
488.52           101.0
488.53           114.0
488.54           139.0
488.55           153.0
488.56           140.0
488.58           141.0
488.59           140.0
488.60           146.0
488.61           138.0
488.62           139.0
488.63           123.0
488.64           120.0
488.65           119.0
488.66           135.0
488.67           139.0
488.68           148.0
488.70           139.0
488.71           126.0
488.72           122.0
488.73           128.0
488.74           121.0
488.75           114.0
488.76           116.0
488.77           139.0
488.78           153.0
488.79           156.0
488.80           141.0
488.82           139.0
488.83           130.0
488.84           122.0
488.85           113.0
488.86           120.0
488.87           127.0
488.88           125.0
488.89           111.0
488.90           112.0
488.91           124.0
488.93           132.0
488.94           120.0
488.95           122.0
488.96           128.0
488.97           138.0
488.98           133.0
488.99           134.0
489.00           128.0
489.01           143.0
489.02           149.0
489.03           152.0
489.05           140.0
489.06           150.0
489.07           149.0
489.08           136.0
489.09           117.0
489.10           113.0
489.11            97.0
489.12           103.0
489.13           114.0
489.14           148.0
489.15           151.0
489.17           149.0
489.18           135.0
489.19           137.0
489.20           124.0
489.21           114.0
489.22           124.0
489.23           146.0
489.24           141.0
489.25           134.0
489.26           135.0
489.27           157.0
489.29           157.0
489.30           157.0
489.31           145.0
489.32           139.0
489.33           126.0
489.34           127.0
489.35           117.0
489.36           120.0
489.37           130.0
489.38           148.0
489.39           140.0
489.41           128.0
489.42           114.0
489.43           127.0
489.44           126.0
489.45           141.0
489.46           148.0
489.47           157.0
489.48           139.0
489.49           135.0
489.50           131.0
489.51           129.0
489.53           123.0
489.54           128.0
489.55           122.0
489.56           125.0
489.57           125.0
489.58           132.0
489.59           130.0
489.60           129.0
489.61           109.0
489.62           106.0
489.63           115.0
489.65           128.0
489.66           121.0
489.67           127.0
489.68           128.0
489.69           135.0
489.70           128.0
489.71           128.0
489.72           125.0
489.73           125.0
489.74           112.0
489.75           112.0
489.77           125.0
489.78           151.0
489.79           157.0
489.80           155.0
489.81           135.0
489.82           127.0
489.83           128.0
489.84           144.0
489.85           139.0
489.86           125.0
489.88           111.0
489.89           115.0
489.90           123.0
489.91           140.0
489.92           142.0
489.93           144.0
489.94           134.0
489.95           123.0
489.96            98.0
489.97           106.0
489.98           115.0
490.00           126.0
490.01           126.0
490.02           146.0
490.03           153.0
490.04           152.0
490.05           141.0
490.06           142.0
490.07           135.0
490.08           144.0
490.09           140.0
490.10           148.0
490.12           152.0
490.13           162.0
490.14           148.0
490.15           135.0
490.16           130.0
490.17           142.0
490.18           153.0
490.19           164.0
490.20           154.0
490.21           146.0
490.22           129.0
490.24           120.0
490.25           126.0
490.26           143.0
490.27           143.0
490.28           147.0
490.29           150.0
490.30           149.0
490.31           130.0
490.32           127.0
490.33           131.0
490.34           146.0
490.36           143.0
490.37           139.0
490.38           147.0
490.39           141.0
490.40           116.0
490.41           121.0
490.42           151.0
490.43           173.0
490.44           157.0
490.45           147.0
490.46           138.0
490.48           139.0
490.49           123.0
490.50           129.0
490.51           147.0
490.52           164.0
490.53           157.0
490.54           151.0
490.55           133.0
490.56           133.0
490.57           128.0
490.58           137.0
490.60           143.0
490.61           144.0
490.62           114.0
490.63           108.0
490.64           127.0
490.65           143.0
490.66           128.0
490.67           128.0
490.68           128.0
490.69           134.0
490.70           127.0
490.72           134.0
490.73           122.0
490.74           122.0
490.75           119.0
490.76           133.0
490.77           123.0
490.78           131.0
490.79           141.0
490.80           161.0
490.81           163.0
490.83           151.0
490.84           130.0
490.85           125.0
490.86           138.0
490.87           151.0
490.88           150.0
490.89           139.0
490.90           126.0
490.91           127.0
490.92           126.0
490.93           130.0
490.95           123.0
490.96           130.0
490.97           138.0
490.98           159.0
490.99           152.0
491.00           136.0
491.01           122.0
491.02           137.0
491.03           143.0
491.04           146.0
491.05           131.0
491.07           129.0
491.08           126.0
491.09           138.0
491.10           143.0
491.11           145.0
491.12           130.0
491.13           145.0
491.14           144.0
491.15           141.0
491.16           126.0
491.17           132.0
491.19           128.0
491.20           126.0
491.21           114.0
491.22           124.0
491.23           134.0
491.24           148.0
491.25           133.0
491.26           132.0
491.27           117.0
491.28           128.0
491.29           127.0
491.31           138.0
491.32           143.0
491.33           159.0
491.34           150.0
491.35           138.0
491.36           124.0
491.37           134.0
491.38           136.0
491.39           141.0
491.40           135.0
491.41           130.0
491.43           110.0
491.44           105.0
491.45           119.0
491.46           144.0
491.47           151.0
491.48           146.0
491.49           134.0
491.50           143.0
491.51           143.0
491.52           133.0
491.53           113.0
491.55           124.0
491.56           127.0
491.57           133.0
491.58           135.0
491.59           154.0
491.60           144.0
491.61           129.0
491.62           118.0
491.63           130.0
491.64           126.0
491.65           116.0
491.67           108.0
491.68           128.0
491.69           132.0
491.70           126.0
491.71           128.0
491.72           152.0
491.73           137.0
491.74           114.0
491.75           103.0
491.76           125.0
491.78           130.0
491.79           134.0
491.80           109.0
491.81           110.0
491.82           108.0
491.83           111.0
491.84            98.0
491.85           108.0
491.86           111.0
491.87           132.0
491.88           140.0
491.90           144.0
491.91           133.0
491.92           138.0
491.93           120.0
491.94           116.0
491.95           123.0
491.96           143.0
491.97           148.0
491.98           161.0
491.99           154.0
492.00           146.0
492.02           130.0
492.03           130.0
492.04           124.0
492.05           124.0
492.06           121.0
492.07           136.0
492.08           135.0
492.09           131.0
492.10           123.0
492.11           124.0
492.12           125.0
492.14           137.0
492.15           141.0
492.16           138.0
492.17           135.0
492.18           146.0
492.19           154.0
492.20           168.0
492.21           181.0
492.22           186.0
492.23           166.0
492.24           157.0
492.26           159.0
492.27           163.0
492.28           135.0
492.29           133.0
492.30           143.0
492.31           158.0
492.32           147.0
492.33           141.0
492.34           134.0
492.35           125.0
492.36           115.0
492.38           118.0
492.39           123.0
492.40           115.0
492.41           116.0
492.42           133.0
492.43           140.0
492.44           127.0
492.45           116.0
492.46           125.0
492.47           136.0
492.48           138.0
492.50           129.0
492.51           126.0
492.52           123.0
492.53           122.0
492.54           121.0
492.55           128.0
492.56           135.0
492.57           142.0
492.58           136.0
492.59           134.0
492.60           127.0
492.62           129.0
492.63           119.0
492.64           129.0
492.65           131.0
492.66           144.0
492.67           139.0
492.68           139.0
492.69           136.0
492.70           138.0
492.71           135.0
492.73           133.0
492.74           126.0
492.75           144.0
492.76           151.0
492.77           157.0
492.78           154.0
492.79           159.0
492.80           138.0
492.81           122.0
492.82           129.0
492.83           142.0
492.85           135.0
492.86           140.0
492.87           149.0
492.88           154.0
492.89           142.0
492.90           145.0
492.91           134.0
492.92           122.0
492.93           114.0
492.94           130.0
492.95           143.0
492.97           147.0
492.98           127.0
492.99           118.0
493.00           122.0
493.01           130.0
493.02           124.0
493.03           107.0
493.04            97.0
493.05           105.0
493.06           122.0
493.07           117.0
493.09           102.0
493.10            97.0
493.11            99.0
493.12           105.0
493.13           116.0
493.14           136.0
493.15           130.0
493.16           125.0
493.17           121.0
493.18           147.0
493.19           144.0
493.21           140.0
493.22           138.0
493.23           149.0
493.24           148.0
493.25           146.0
493.26           134.0
493.27           119.0
493.28           117.0
493.29           127.0
493.30           123.0
493.31           131.0
493.33           143.0
493.34           155.0
493.35           134.0
493.36           131.0
493.37           128.0
493.38           142.0
493.39           141.0
493.40           161.0
493.41           162.0
493.42           160.0
493.43           136.0
493.45           125.0
493.46           125.0
493.47           135.0
493.48           129.0
493.49           142.0
493.50           153.0
493.51           140.0
493.52           111.0
493.53           108.0
493.54           113.0
493.55           119.0
493.57           116.0
493.58           114.0
493.59           108.0
493.60           112.0
493.61           107.0
493.62           124.0
493.63           129.0
493.64           136.0
493.65           123.0
493.66           127.0
493.68           125.0
493.69           132.0
493.70           123.0
493.71           118.0
493.72           118.0
493.73           119.0
493.74           114.0
493.75           125.0
493.76           129.0
493.77           125.0
493.78           110.0
493.80           130.0
493.81           143.0
493.82           152.0
493.83           126.0
493.84           116.0
493.85           107.0
493.86           114.0
493.87           117.0
493.88           134.0
493.89           132.0
493.90           129.0
493.92           126.0
493.93           144.0
493.94           132.0
493.95           124.0
493.96           120.0
493.97           133.0
493.98           119.0
493.99           122.0
494.00           114.0
494.01           110.0
494.02           104.0
494.04           115.0
494.05           122.0
494.06           136.0
494.07           141.0
494.08           127.0
494.09           110.0
494.10           117.0
494.11           119.0
494.12           113.0
494.13           106.0
494.14           127.0
494.16           141.0
494.17           142.0
494.18           112.0
494.19           104.0
494.20           102.0
494.21           118.0
494.22           122.0
494.23           131.0
494.24           132.0
494.25           141.0
494.26           141.0
494.28           127.0
494.29           113.0
494.30           125.0
494.31           144.0
494.32           147.0
494.33           123.0
494.34           113.0
494.35           109.0
494.36           110.0
494.37           111.0
494.38           125.0
494.40           125.0
494.41           127.0
494.42           126.0
494.43           132.0
494.44           128.0
494.45           128.0
494.46           129.0
494.47           141.0
494.48           138.0
494.49           124.0
494.50           109.0
494.52           109.0
494.53           119.0
494.54           131.0
494.55           137.0
494.56           141.0
494.57           125.0
494.58           113.0
494.59           108.0
494.60           121.0
494.61           113.0
494.63           115.0
494.64           109.0
494.65           124.0
494.66           137.0
494.67           143.0
494.68           128.0
494.69           115.0
494.70           109.0
494.71           124.0
494.72           135.0
494.73           140.0
494.75           131.0
494.76           129.0
494.77           106.0
494.78           102.0
494.79           101.0
494.80           115.0
494.81           112.0
494.82           114.0
494.83           103.0
494.84           117.0
494.85           127.0
494.87           139.0
494.88           116.0
494.89           102.0
494.90           114.0
494.91           137.0
494.92           136.0
494.93           127.0
494.94           126.0
494.95           132.0
494.96           130.0
494.97           119.0
494.99            95.0
495.00            96.0
495.01           116.0
495.02           142.0
495.03           145.0
495.04           135.0
495.05           113.0
495.06           110.0
495.07           108.0
495.08           121.0
495.09           144.0
495.11           150.0
495.12           137.0
495.13           125.0
495.14           133.0
495.15           139.0
495.16           129.0
495.17           126.0
495.18           118.0
495.19           123.0
495.20           122.0
495.21           131.0
495.23           121.0
495.24           107.0
495.25            92.0
495.26            96.0
495.27           114.0
495.28           137.0
495.29           135.0
495.30           127.0
495.31           136.0
495.32           151.0
495.33           144.0
495.35           136.0
495.36           135.0
495.37           141.0
495.38           128.0
495.39           129.0
495.40           122.0
495.41           130.0
495.42           128.0
495.43           121.0
495.44           116.0
495.45           111.0
495.47            93.0
495.48            94.0
495.49           114.0
495.50           134.0
495.51           124.0
495.52           135.0
495.53           131.0
495.54           131.0
495.55           115.0
495.56           118.0
495.58           113.0
495.59           123.0
495.60           128.0
495.61           134.0
495.62           123.0
495.63           118.0
495.64           114.0
495.65           120.0
495.66           125.0
495.67           137.0
495.68           130.0
495.70           135.0
495.71           135.0
495.72           134.0
495.73           109.0
495.74           105.0
495.75           110.0
495.76           139.0
495.77           160.0
495.78           166.0
495.79           139.0
495.80           118.0
495.82           113.0
495.83           122.0
495.84           115.0
495.85           106.0
495.86            91.0
495.87           103.0
495.88           116.0
495.89           131.0
495.90           129.0
495.91           125.0
495.92           128.0
495.94           145.0
495.95           148.0
495.96           140.0
495.97           129.0
495.98           122.0
495.99           115.0
496.00           124.0
496.01           134.0
496.02           144.0
496.03           139.0
496.04           141.0
496.06           146.0
496.07           161.0
496.08           147.0
496.09           133.0
496.10           120.0
496.11           127.0
496.12           124.0
496.13           124.0
496.14           118.0
496.15           119.0
496.16           113.0
496.18           115.0
496.19           102.0
496.20            97.0
496.21            92.0
496.22           112.0
496.23           124.0
496.24           139.0
496.25           128.0
496.26           126.0
496.27           119.0
496.28           119.0
496.30           113.0
496.31           113.0
496.32           108.0
496.33           101.0
496.34           112.0
496.35           128.0
496.36           130.0
496.37           128.0
496.38           120.0
496.39           113.0
496.40            97.0
496.42           112.0
496.43           117.0
496.44           123.0
496.45           116.0
496.46           118.0
496.47           126.0
496.48           142.0
496.49           148.0
496.50           144.0
496.51           144.0
496.53           133.0
496.54           111.0
496.55           103.0
496.56           123.0
496.57           144.0
496.58           135.0
496.59           109.0
496.60           101.0
496.61           117.0
496.62           131.0
496.63           135.0
496.65           133.0
496.66           130.0
496.67           124.0
496.68           131.0
496.69           129.0
496.70           140.0
496.71           147.0
496.72           152.0
496.73           138.0
496.74           140.0
496.75           134.0
496.77           136.0
496.78           125.0
496.79           122.0
496.80           123.0
496.81           145.0
496.82           144.0
496.83           128.0
496.84           115.0
496.85           122.0
496.86           124.0
496.87           128.0
496.89           119.0
496.90           133.0
496.91           137.0
496.92           143.0
496.93           142.0
496.94           156.0
496.95           147.0
496.96           135.0
496.97           121.0
496.98           137.0
496.99           144.0
497.01           150.0
497.02           138.0
497.03           142.0
497.04           134.0
497.05           134.0
497.06           136.0
497.07           143.0
497.08           124.0
497.09           116.0
497.10           117.0
497.11           134.0
497.13           140.0
497.14           153.0
497.15           150.0
497.16           136.0
497.17           111.0
497.18           108.0
497.19           116.0
497.20           123.0
497.21           118.0
497.22           121.0
497.23           126.0
497.25           128.0
497.26           111.0
497.27           111.0
497.28           127.0
497.29           150.0
497.30           146.0
497.31           135.0
497.32           117.0
497.33           120.0
497.34           141.0
497.36           154.0
497.37           137.0
497.38           124.0
497.39           116.0
497.40           126.0
497.41           131.0
497.42           140.0
497.43           131.0
497.44           129.0
497.45           130.0
497.46           132.0
497.48           125.0
497.49           130.0
497.50           126.0
497.51           126.0
497.52           116.0
497.53           134.0
497.54           133.0
497.55           139.0
497.56           126.0
497.57           135.0
497.58           131.0
497.60           135.0
497.61           120.0
497.62           102.0
497.63            92.0
497.64           116.0
497.65           141.0
497.66           144.0
497.67           118.0
497.68           113.0
497.69           129.0
497.70           146.0
497.72           137.0
497.73           129.0
497.74           120.0
497.75           111.0
497.76           102.0
497.77           118.0
497.78           127.0
497.79           124.0
497.80           113.0
497.81           111.0
497.82           101.0
497.84           105.0
497.85           121.0
497.86           136.0
497.87           129.0
497.88           126.0
497.89           122.0
497.90           132.0
497.91           132.0
497.92           126.0
497.93           109.0
497.94           111.0
497.96           110.0
497.97           117.0
497.98           121.0
497.99           139.0
498.00           139.0
498.01           129.0
498.02           111.0
498.03           120.0
498.04           128.0
498.05           122.0
498.06           102.0
498.08           104.0
498.09           102.0
498.10           103.0
498.11            93.0
498.12           106.0
498.13           109.0
498.14           108.0
498.15            93.0
498.16           101.0
498.17           106.0
498.18           108.0
498.20           116.0
498.21           130.0
498.22           119.0
498.23           118.0
498.24           136.0
498.25           152.0
498.26           127.0
498.27           124.0
498.28           124.0
498.29           123.0
498.31           108.0
498.32           113.0
498.33           120.0
498.34           126.0
498.35           117.0
498.36           104.0
498.37           110.0
498.38           125.0
498.39           130.0
498.40           143.0
498.41           147.0
498.43           139.0
498.44           108.0
498.45           106.0
498.46           105.0
498.47           115.0
498.48           120.0
498.49           132.0
498.50           130.0
498.51           129.0
498.52           126.0
498.53           122.0
498.55           113.0
498.56           113.0
498.57           102.0
498.58           103.0
498.59           108.0
498.60           131.0
498.61           123.0
498.62           135.0
498.63           138.0
498.64           132.0
498.65            95.0
498.67           103.0
498.68           115.0
498.69           116.0
498.70           108.0
498.71           118.0
498.72           125.0
498.73           122.0
498.74           114.0
498.75           104.0
498.76            99.0
498.77            98.0
498.79           100.0
498.80           116.0
498.81           121.0
498.82           122.0
498.83           114.0
498.84           123.0
498.85           125.0
498.86           134.0
498.87           130.0
498.88           129.0
498.89           106.0
498.91            99.0
498.92            77.0
498.93            86.0
498.94            93.0
498.95           117.0
498.96           127.0
498.97           139.0
498.98           120.0
498.99           107.0
499.00            90.0
499.01            95.0
499.03            89.0
499.04            96.0
499.05            86.0
499.06            94.0
499.07            97.0
499.08           119.0
499.09           126.0
499.10           129.0
499.11           103.0
499.12            98.0
499.13           105.0
499.15           130.0
499.16           138.0
499.17           133.0
499.18           114.0
499.19           106.0
499.20           113.0
499.21           135.0
499.22           140.0
499.23           134.0
499.24           119.0
499.26           122.0
499.27           125.0
499.28           122.0
499.29           112.0
499.30           105.0
499.31           101.0
499.32           106.0
499.33           118.0
499.34           134.0
499.35           133.0
499.36           128.0
499.38           113.0
499.39           102.0
499.40           110.0
499.41           135.0
499.42           139.0
499.43           124.0
499.44           113.0
499.45           117.0
499.46           121.0
499.47           125.0
499.48           120.0
499.50           110.0
499.51           105.0
499.52           110.0
499.53           103.0
499.54           106.0
499.55           107.0
499.56           120.0
499.57           108.0
499.58           113.0
499.59           120.0
499.60           132.0
499.62           122.0
499.63           121.0
499.64           126.0
499.65           138.0
499.66           116.0
499.67           113.0
499.68           118.0
499.69           136.0
499.70           132.0
499.71           128.0
499.72           119.0
499.74           113.0
499.75           104.0
499.76           110.0
499.77           113.0
499.78           116.0
499.79           110.0
499.80           124.0
499.81           124.0
499.82           116.0
499.83           105.0
499.84           112.0
499.86           120.0
499.87           127.0
499.88           119.0
499.89           112.0
499.90           104.0
499.91           101.0
499.92           100.0
499.93           113.0
499.94           117.0
499.95           117.0
499.96           105.0
499.98           104.0
499.99           109.0
500.00           116.0
500.01           109.0
500.02           118.0
500.03           119.0
500.04           121.0
500.05           105.0
500.06           112.0
500.07           122.0
500.08           145.0
500.10           133.0
500.11           110.0
500.12           102.0
500.13           106.0
500.14           103.0
500.15           116.0
500.16           134.0
500.17           142.0
500.18           120.0
500.19           124.0
500.21           124.0
500.22           135.0
500.23           126.0
500.24           125.0
500.25           109.0
500.26           114.0
500.27           111.0
500.28           116.0
500.29           105.0
500.30           119.0
500.31           124.0
500.33           142.0
500.34           132.0
500.35           132.0
500.36           126.0
500.37           129.0
500.38           123.0
500.39           141.0
500.40           155.0
500.41           153.0
500.42           125.0
500.43           107.0
500.45            93.0
500.46            90.0
500.47            87.0
500.48            93.0
500.49            80.0
500.50            81.0
500.51           103.0
500.52           123.0
500.53           125.0
500.54           120.0
500.55           112.0
500.57           107.0
500.58           105.0
500.59           103.0
500.60           103.0
500.61           125.0
500.62           130.0
500.63           126.0
500.64           123.0
500.65           142.0
500.66           138.0
500.67           140.0
500.69           125.0
500.70           118.0
500.71           106.0
500.72           113.0
500.73           117.0
500.74           129.0
500.75           132.0
500.76           132.0
500.77           127.0
500.78           138.0
500.79           138.0
500.81           130.0
500.82           113.0
500.83           116.0
500.84           122.0
500.85           128.0
500.86           119.0
500.87           116.0
500.88           113.0
500.89           120.0
500.90           124.0
500.91           142.0
500.93           146.0
500.94           155.0
500.95           151.0
500.96           166.0
500.97           149.0
500.98           125.0
500.99            87.0
501.00           102.0
501.01           123.0
501.02           135.0
501.03           122.0
501.05           123.0
501.06           112.0
501.07           115.0
501.08           129.0
501.09           140.0
501.10           123.0
501.11           102.0
501.12           107.0
501.13           135.0
501.14           151.0
501.16           161.0
501.17           140.0
501.18           126.0
501.19           106.0
501.20           107.0
501.21           109.0
501.22           127.0
501.23           150.0
501.24           161.0
501.25           144.0
501.26           116.0
501.28           106.0
501.29           116.0
501.30           132.0
501.31           146.0
501.32           147.0
501.33           140.0
501.34           127.0
501.35           114.0
501.36           108.0
501.37           142.0
501.38           152.0
501.40           128.0
501.41            98.0
501.42           108.0
501.43           118.0
501.44           120.0
501.45           116.0
501.46           127.0
501.47           133.0
501.48           133.0
501.49           117.0
501.50           117.0
501.52           123.0
501.53           127.0
501.54           115.0
501.55           119.0
501.56           125.0
501.57           128.0
501.58           126.0
501.59           136.0
501.60           138.0
501.61           146.0
501.62           141.0
501.64           134.0
501.65           118.0
501.66           121.0
501.67           123.0
501.68           132.0
501.69           128.0
501.70           130.0
501.71           127.0
501.72           136.0
501.73           140.0
501.74           148.0
501.76           141.0
501.77           151.0
501.78           155.0
501.79           150.0
501.80           126.0
501.81           118.0
501.82           116.0
501.83           123.0
501.84           122.0
501.85           121.0
501.86           114.0
501.88           115.0
501.89           117.0
501.90           121.0
501.91           124.0
501.92           133.0
501.93           133.0
501.94           133.0
501.95           119.0
501.96           116.0
501.97           117.0
501.98           130.0
502.00           120.0
502.01           113.0
502.02           111.0
502.03           112.0
502.04           111.0
502.05           117.0
502.06           125.0
502.07           126.0
502.08           130.0
502.09           144.0
502.11           158.0
502.12           169.0
502.13           163.0
502.14           150.0
502.15           135.0
502.16           118.0
502.17           103.0
502.18           120.0
502.19           129.0
502.20           117.0
502.21           100.0
502.23           118.0
502.24           124.0
502.25           116.0
502.26           102.0
502.27           107.0
502.28           110.0
502.29           120.0
502.30           120.0
502.31           123.0
502.32           109.0
502.33           110.0
502.35           106.0
502.36           129.0
502.37           129.0
502.38           126.0
502.39           102.0
502.40            95.0
502.41            90.0
502.42           112.0
502.43           129.0
502.44           132.0
502.45           123.0
502.47           123.0
502.48           120.0
502.49           114.0
502.50           101.0
502.51           104.0
502.52           120.0
502.53           141.0
502.54           134.0
502.55           140.0
502.56           149.0
502.57           151.0
502.59           126.0
502.60           117.0
502.61           125.0
502.62           142.0
502.63           144.0
502.64           148.0
502.65           141.0
502.66           140.0
502.67           128.0
502.68           139.0
502.69           135.0
502.71           135.0
502.72           130.0
502.73           142.0
502.74           129.0
502.75           122.0
502.76           120.0
502.77           134.0
502.78           130.0
502.79           121.0
502.80           117.0
502.81           131.0
502.83           131.0
502.84           131.0
502.85           134.0
502.86           140.0
502.87           134.0
502.88           134.0
502.89           131.0
502.90           132.0
502.91           134.0
502.92           143.0
502.93           129.0
502.95           117.0
502.96           106.0
502.97           110.0
502.98           114.0
502.99           134.0
503.00           136.0
503.01           123.0
503.02           114.0
503.03           128.0
503.04           121.0
503.06           121.0
503.07           128.0
503.08           146.0
503.09           134.0
503.10           120.0
503.11           103.0
503.12           103.0
503.13           109.0
503.14           129.0
503.15           141.0
503.16           144.0
503.18           130.0
503.19           113.0
503.20           116.0
503.21           146.0
503.22           155.0
503.23           146.0
503.24           130.0
503.25           127.0
503.26           117.0
503.27           116.0
503.28           108.0
503.30           102.0
503.31           110.0
503.32           121.0
503.33           122.0
503.34           121.0
503.35           123.0
503.36           117.0
503.37           110.0
503.38           115.0
503.39           114.0
503.40           107.0
503.42           105.0
503.43           116.0
503.44           126.0
503.45           130.0
503.46           116.0
503.47           123.0
503.48           122.0
503.49           132.0
503.50           128.0
503.51           135.0
503.52           122.0
503.54           129.0
503.55           137.0
503.56           147.0
503.57           137.0
503.58           133.0
503.59           118.0
503.60           112.0
503.61            96.0
503.62            95.0
503.63           104.0
503.64           128.0
503.66           128.0
503.67           127.0
503.68           118.0
503.69           113.0
503.70           101.0
503.71           117.0
503.72           132.0
503.73           136.0
503.74           118.0
503.75           120.0
503.76           124.0
503.78           126.0
503.79           110.0
503.80           104.0
503.81            89.0
503.82            93.0
503.83            98.0
503.84           121.0
503.85           125.0
503.86           131.0
503.87           134.0
503.88           146.0
503.90           138.0
503.91           134.0
503.92           132.0
503.93           132.0
503.94           113.0
503.95           103.0
503.96            96.0
503.97           107.0
503.98           105.0
503.99           103.0
504.01            99.0
504.02           118.0
504.03           122.0
504.04           141.0
504.05           146.0
504.06           146.0
504.07           111.0
504.08           106.0
504.09           105.0
504.10           124.0
504.11           123.0
504.13           127.0
504.14           118.0
504.15           135.0
504.16           140.0
504.17           132.0
504.18           109.0
504.19           124.0
504.20           131.0
504.21           133.0
504.22           113.0
504.23           117.0
504.25           113.0
504.26           130.0
504.27           124.0
504.28           129.0
504.29           122.0
504.30           133.0
504.31           131.0
504.32           126.0
504.33           110.0
504.34           103.0
504.35           106.0
504.37           112.0
504.38           101.0
504.39           111.0
504.40           396.0
504.41           396.0
