393.21             1.0
393.22             4.0
393.23             5.0
393.24            25.0
393.26            24.0
393.27            17.0
393.28             2.0
393.29            20.0
393.30            23.0
393.31             5.0
393.33             0.0
393.34             0.0
393.35             0.0
393.36            15.0
393.37            35.0
393.38            23.0
393.39             0.0
393.41             0.0
393.42             0.0
393.43             0.0
393.44             0.0
393.45            21.0
393.46            15.0
393.47             0.0
393.49             0.0
393.50             0.0
393.51            12.0
393.52            27.0
393.53            25.0
393.54             2.0
393.55             0.0
393.57             0.0
393.58             0.0
393.59             0.0
393.60            25.0
393.61            27.0
393.62            16.0
393.63             6.0
393.65            20.0
393.66            36.0
393.67            21.0
393.68            12.0
393.69             6.0
393.70            22.0
393.72            10.0
393.73             0.0
393.74             0.0
393.75             0.0
393.76             0.0
393.77             0.0
393.78             0.0
393.80             3.0
393.81            11.0
393.82            24.0
393.83             7.0
393.84             0.0
393.85             0.0
393.86             0.0
393.88             0.0
393.89            15.0
393.90            33.0
393.91            23.0
393.92            19.0
393.93             8.0
393.94             2.0
393.96             0.0
393.97             0.0
393.98             0.0
393.99             0.0
394.00             0.0
394.01             0.0
394.03             0.0
394.04             0.0
394.05             0.0
394.06             0.0
394.07             0.0
394.08             0.0
394.09             0.0
394.11             0.0
394.12            18.0
394.13            24.0
394.14            20.0
394.15            41.0
394.16            61.0
394.17            52.0
394.19            46.0
394.20            62.0
394.21            31.0
394.22             0.0
394.23             0.0
394.24             0.0
394.25             0.0
394.27             0.0
394.28             0.0
394.29             0.0
394.30             0.0
394.31             0.0
394.32             0.0
394.34             0.0
394.35             5.0
394.36             0.0
394.37             0.0
394.38             2.0
394.39            19.0
394.40            28.0
394.42            39.0
394.43            52.0
394.44            50.0
394.45            31.0
394.46            11.0
394.47             0.0
394.48             0.0
394.50             1.0
394.51            20.0
394.52            36.0
394.53            32.0
394.54            25.0
394.55            15.0
394.56            26.0
394.58            24.0
394.59             0.0
394.60             0.0
394.61             0.0
394.62            37.0
394.63            51.0
394.65            33.0
394.66            11.0
394.67             0.0
394.68            20.0
394.69            21.0
394.70             0.0
394.71             0.0
394.73             0.0
394.74             0.0
394.75             0.0
394.76             0.0
394.77             0.0
394.78             0.0
394.79             0.0
394.81            19.0
394.82             0.0
394.83             0.0
394.84             0.0
394.85             0.0
394.86             0.0
394.87             0.0
394.89             0.0
394.90             0.0
394.91             0.0
394.92             2.0
394.93             0.0
394.94             0.0
394.95             0.0
394.97            21.0
394.98            46.0
394.99            35.0
395.00            28.0
395.01             5.0
395.02             5.0
395.04             3.0
395.05            28.0
395.06            40.0
395.07            38.0
395.08             2.0
395.09             0.0
395.10             0.0
395.12            16.0
395.13             1.0
395.14             0.0
395.15             1.0
395.16            23.0
395.17            13.0
395.18            10.0
395.20            14.0
395.21            35.0
395.22            25.0
395.23             4.0
395.24             1.0
395.25            11.0
395.26            14.0
395.28             4.0
395.29             1.0
395.30             2.0
395.31             6.0
395.32             5.0
395.33             0.0
395.35             0.0
395.36             3.0
395.37            16.0
395.38             5.0
395.39             0.0
395.40             0.0
395.41             0.0
395.43             0.0
395.44             0.0
395.45             0.0
395.46             0.0
395.47             4.0
395.48             7.0
395.49            10.0
395.51            28.0
395.52            50.0
395.53            39.0
395.54            20.0
395.55             1.0
395.56             0.0
395.57             6.0
395.59            54.0
395.60            65.0
395.61            21.0
395.62             0.0
395.63             0.0
395.64            28.0
395.66            47.0
395.67            31.0
395.68            15.0
395.69            16.0
395.70             7.0
395.71             0.0
395.72             0.0
395.74             0.0
395.75            15.0
395.76             7.0
395.77             0.0
395.78             0.0
395.79             6.0
395.80            21.0
395.82            12.0
395.83             0.0
395.84             0.0
395.85             0.0
395.86             0.0
395.87             0.0
395.88             0.0
395.90             0.0
395.91             0.0
395.92             0.0
395.93             0.0
395.94             0.0
395.95             0.0
395.96             0.0
395.98             7.0
395.99            18.0
396.00            11.0
396.01             3.0
396.02             0.0
396.03             0.0
396.05             0.0
396.06             0.0
396.07             0.0
396.08            19.0
396.09            41.0
396.10            28.0
396.11            14.0
396.13            26.0
396.14            26.0
396.15            19.0
396.16             7.0
396.17             0.0
396.18             0.0
396.19            11.0
396.21            24.0
396.22            26.0
396.23            10.0
396.24             0.0
396.25             0.0
396.26             0.0
396.27            23.0
396.29            45.0
396.30            31.0
396.31             7.0
396.32             1.0
396.33             9.0
396.34            15.0
396.36            23.0
396.37             6.0
396.38             0.0
396.39            31.0
396.40           100.0
396.41           163.0
396.42           222.0
396.44           311.0
396.45           470.0
396.46           677.0
396.47           728.0
396.48           540.0
396.49           276.0
396.50           137.0
396.52            99.0
396.53            62.0
396.54            30.0
396.55             0.0
396.56             0.0
396.57            10.0
396.58            45.0
396.60            50.0
396.61            43.0
396.62            18.0
396.63             1.0
396.64             0.0
396.65             0.0
396.67             0.0
396.68             0.0
396.69            12.0
396.70            28.0
396.71            26.0
396.72            30.0
396.73            20.0
396.75             5.0
396.76             0.0
396.77            10.0
396.78            18.0
396.79            26.0
396.80            28.0
396.81            23.0
396.83             3.0
396.84             0.0
396.85             0.0
396.86             7.0
396.87            15.0
396.88            14.0
396.89             2.0
396.91             7.0
396.92            12.0
396.93             7.0
396.94             0.0
396.95             0.0
396.96             0.0
396.98             0.0
396.99             0.0
397.00             3.0
397.01            20.0
397.02            32.0
397.03             6.0
397.04             0.0
397.06             0.0
397.07             0.0
397.08             6.0
397.09            11.0
397.10            15.0
397.11            10.0
397.12            16.0
397.14            22.0
397.15            33.0
397.16            38.0
397.17            40.0
397.18            45.0
397.19            47.0
397.20            35.0
397.22            15.0
397.23            13.0
397.24            16.0
397.25            17.0
397.26            12.0
397.27             3.0
397.28             0.0
397.30             0.0
397.31             9.0
397.32             8.0
397.33             0.0
397.34             0.0
397.35             4.0
397.37            28.0
397.38            16.0
397.39             0.0
397.40             0.0
397.41             0.0
397.42             0.0
397.43             0.0
397.45            11.0
397.46            22.0
397.47            37.0
397.48            31.0
397.49            17.0
397.50             0.0
397.51             0.0
397.53             0.0
397.54             0.0
397.55             0.0
397.56             0.0
397.57             0.0
397.58             0.0
397.59             8.0
397.61            15.0
397.62             2.0
397.63             0.0
397.64             2.0
397.65            23.0
397.66            31.0
397.68            29.0
397.69             1.0
397.70             0.0
397.71             0.0
397.72             3.0
397.73            21.0
397.74            20.0
397.76            17.0
397.77             5.0
397.78            10.0
397.79             7.0
397.80            16.0
397.81            22.0
397.82            26.0
397.84            32.0
397.85            23.0
397.86            13.0
397.87            19.0
397.88            16.0
397.89             2.0
397.90             0.0
397.92             5.0
397.93            19.0
397.94            33.0
397.95            38.0
397.96            27.0
397.97            35.0
397.99            21.0
398.00             1.0
398.01            17.0
398.02            57.0
398.03            60.0
398.04            34.0
398.05            21.0
398.07            14.0
398.08            11.0
398.09            18.0
398.10            21.0
398.11            18.0
398.12            18.0
398.13            15.0
398.15             0.0
398.16             0.0
398.17             0.0
398.18             0.0
398.19             0.0
398.20             0.0
398.21             7.0
398.23             4.0
398.24             0.0
398.25             0.0
398.26             0.0
398.27             0.0
398.28            11.0
398.29            40.0
398.31            59.0
398.32            42.0
398.33             9.0
398.34             0.0
398.35             0.0
398.36             0.0
398.38             3.0
398.39            17.0
398.40            21.0
398.41            20.0
398.42            11.0
398.43            10.0
398.44             0.0
398.46             0.0
398.47             0.0
398.48             0.0
398.49             4.0
398.50            22.0
398.51            42.0
398.52            33.0
398.54            31.0
398.55             8.0
398.56             0.0
398.57             0.0
398.58             9.0
398.59            14.0
398.60             7.0
398.62            16.0
398.63            28.0
398.64            39.0
398.65            35.0
398.66            30.0
398.67            22.0
398.69            21.0
398.70            26.0
398.71            14.0
398.72             0.0
398.73             0.0
398.74             8.0
398.75             0.0
398.77             0.0
398.78             0.0
398.79             0.0
398.80            23.0
398.81            26.0
398.82            17.0
398.83            14.0
398.85             2.0
398.86             0.0
398.87             0.0
398.88             0.0
398.89             0.0
398.90             0.0
398.91             0.0
398.93             0.0
398.94             0.0
398.95             0.0
398.96             0.0
398.97             0.0
398.98             4.0
399.00             0.0
399.01             0.0
399.02             0.0
399.03             0.0
399.04             4.0
399.05             0.0
399.06             0.0
399.08             0.0
399.09            13.0
399.10            23.0
399.11             0.0
399.12             0.0
399.13             0.0
399.14             0.0
399.16             0.0
399.17             0.0
399.18             0.0
399.19             0.0
399.20             0.0
399.21            23.0
399.22            39.0
399.24            27.0
399.25             0.0
399.26             0.0
399.27             0.0
399.28             0.0
399.29             0.0
399.31            15.0
399.32            44.0
399.33            51.0
399.34            40.0
399.35            48.0
399.36            63.0
399.37            58.0
399.39            31.0
399.40            23.0
399.41            29.0
399.42            35.0
399.43            33.0
399.44            27.0
399.45            10.0
399.47             0.0
399.48             3.0
399.49            16.0
399.50             3.0
399.51             0.0
399.52             0.0
399.53             0.0
399.55             0.0
399.56             0.0
399.57             6.0
399.58             4.0
399.59            16.0
399.60            39.0
399.61            39.0
399.63            36.0
399.64            38.0
399.65            48.0
399.66            46.0
399.67            43.0
399.68            13.0
399.70             0.0
399.71             0.0
399.72             0.0
399.73             0.0
399.74            12.0
399.75            49.0
399.76            56.0
399.78            51.0
399.79            23.0
399.80             0.0
399.81             0.0
399.82             0.0
399.83            27.0
399.84            26.0
399.86             7.0
399.87             0.0
399.88             0.0
399.89            14.0
399.90            47.0
399.91            40.0
399.92             2.0
399.94             0.0
399.95             0.0
399.96             0.0
399.97            16.0
399.98            10.0
399.99             0.0
400.01             0.0
400.02             0.0
400.03             0.0
400.04             0.0
400.05             4.0
400.06             0.0
400.07             0.0
400.09            32.0
400.10            52.0
400.11            27.0
400.12             0.0
400.13             0.0
400.14             1.0
400.15            25.0
400.17            21.0
400.18             4.0
400.19             0.0
400.20             0.0
400.21             0.0
400.22             0.0
400.23            15.0
400.25            17.0
400.26            20.0
400.27             4.0
400.28             1.0
400.29             7.0
400.30             1.0
400.32             0.0
400.33             0.0
400.34             7.0
400.35            35.0
400.36            36.0
400.37            16.0
400.38             0.0
400.40             0.0
400.41             0.0
400.42             0.0
400.43             0.0
400.44             0.0
400.45             0.0
400.46            15.0
400.48            21.0
400.49             6.0
400.50             0.0
400.51             0.0
400.52             0.0
400.53             0.0
400.54            19.0
400.56            14.0
400.57            10.0
400.58            17.0
400.59            27.0
400.60            20.0
400.61            27.0
400.63            20.0
400.64             0.0
400.65             0.0
400.66             0.0
400.67             0.0
400.68             0.0
400.69            25.0
400.71            60.0
400.72            55.0
400.73            49.0
400.74            39.0
400.75            41.0
400.76            27.0
400.77            18.0
400.79            34.0
400.80           106.0
400.81             0.0
400.82             0.0
400.83             0.0
400.84            31.0
400.85           115.0
400.87           108.0
400.88           103.0
400.89           117.0
400.90           102.0
400.91            64.0
400.92            24.0
400.93            25.0
400.95            44.0
400.96            43.0
400.97            40.0
400.98            23.0
400.99             9.0
401.00             7.0
401.02            39.0
401.03            76.0
401.04            63.0
401.05             8.0
401.06             0.0
401.07            12.0
401.08            30.0
401.10            19.0
401.11             3.0
401.12             8.0
401.13            23.0
401.14            17.0
401.15             4.0
401.16             0.0
401.18            12.0
401.19            17.0
401.20             0.0
401.21             0.0
401.22             0.0
401.23             0.0
401.24             0.0
401.26            20.0
401.27            14.0
401.28             0.0
401.29             0.0
401.30            33.0
401.31            54.0
401.33            34.0
401.34            18.0
401.35            13.0
401.36            36.0
401.37            52.0
401.38            53.0
401.39            38.0
401.41             3.0
401.42             0.0
401.43             0.0
401.44             0.0
401.45            19.0
401.46            25.0
401.47            10.0
401.49             0.0
401.50             3.0
401.51            12.0
401.52            29.0
401.53            34.0
401.54            38.0
401.55            38.0
401.57            33.0
401.58            18.0
401.59             0.0
401.60             0.0
401.61             0.0
401.62             0.0
401.64             0.0
401.65             0.0
401.66             0.0
401.67             5.0
401.68            20.0
401.69            20.0
401.70            19.0
401.72             8.0
401.73             0.0
401.74             0.0
401.75             0.0
401.76            11.0
401.77            39.0
401.78            25.0
401.80            11.0
401.81             4.0
401.82             8.0
401.83            18.0
401.84            23.0
401.85            17.0
401.86             6.0
401.88             0.0
401.89            10.0
401.90             0.0
401.91             0.0
401.92             0.0
401.93             0.0
401.94             7.0
401.96            19.0
401.97            27.0
401.98            34.0
401.99            33.0
402.00            22.0
402.01            10.0
402.03             0.0
402.04             0.0
402.05             0.0
402.06             0.0
402.07            25.0
402.08            45.0
402.09            58.0
402.11            39.0
402.12            11.0
402.13             0.0
402.14             0.0
402.15            20.0
402.16            31.0
402.17            32.0
402.19            22.0
402.20            16.0
402.21            21.0
402.22            62.0
402.23            89.0
402.24            67.0
402.25            33.0
402.27            29.0
402.28            55.0
402.29            77.0
402.30            81.0
402.31            58.0
402.32            57.0
402.34            71.0
402.35            89.0
402.36            91.0
402.37           104.0
402.38           101.0
402.39            97.0
402.40            86.0
402.42           101.0
402.43           136.0
402.44           182.0
402.45           208.0
402.46           238.0
402.47           299.0
402.48           422.0
402.50           720.0
402.51           1300.0
402.52           1827.0
402.53           1939.0
402.54           1885.0
402.55           1791.0
402.56           1836.0
402.58           1878.0
402.59           1924.0
402.60           1843.0
402.61           1608.0
402.62           1128.0
402.63           539.0
402.65           238.0
402.66           159.0
402.67           104.0
402.68            58.0
402.69            62.0
402.70            79.0
402.71            76.0
402.73            56.0
402.74            46.0
402.75            47.0
402.76            52.0
402.77            70.0
402.78            56.0
402.79            40.0
402.81            25.0
402.82            31.0
402.83            18.0
402.84            14.0
402.85             3.0
402.86             8.0
402.87            15.0
402.89            20.0
402.90             8.0
402.91             3.0
402.92            11.0
402.93            26.0
402.94            49.0
402.96            60.0
402.97            37.0
402.98             3.0
402.99             0.0
403.00             0.0
403.01             0.0
403.02             9.0
403.04            19.0
403.05             1.0
403.06             0.0
403.07             0.0
403.08             0.0
403.09             0.0
403.10             0.0
403.12             0.0
403.13             3.0
403.14             0.0
403.15             0.0
403.16             0.0
403.17             0.0
403.18             3.0
403.20             0.0
403.21            22.0
403.22            43.0
403.23            43.0
403.24            17.0
403.25             0.0
403.26             0.0
403.28             0.0
403.29            13.0
403.30            20.0
403.31            17.0
403.32             0.0
403.33             0.0
403.35            11.0
403.36            20.0
403.37            21.0
403.38            27.0
403.39            42.0
403.40            44.0
403.41            25.0
403.43             0.0
403.44             0.0
403.45             0.0
403.46             7.0
403.47            25.0
403.48             1.0
403.49             0.0
403.51             0.0
403.52             0.0
403.53            10.0
403.54            20.0
403.55            30.0
403.56            15.0
403.57             1.0
403.59             0.0
403.60            14.0
403.61            42.0
403.62            47.0
403.63            36.0
403.64            32.0
403.66            34.0
403.67            16.0
403.68             0.0
403.69             0.0
403.70             0.0
403.71             0.0
403.72             0.0
403.74             9.0
403.75            33.0
403.76            33.0
403.77             5.0
403.78             0.0
403.79             0.0
403.80             0.0
403.82             0.0
403.83             0.0
403.84            19.0
403.85            38.0
403.86            42.0
403.87            27.0
403.88            23.0
403.90             6.0
403.91             0.0
403.92             0.0
403.93             0.0
403.94            13.0
403.95            46.0
403.97            57.0
403.98            28.0
403.99             0.0
404.00             0.0
404.01             0.0
404.02            19.0
404.03            29.0
404.05            37.0
404.06            28.0
404.07            35.0
404.08            38.0
404.09            32.0
404.10            26.0
404.11            19.0
404.13            14.0
404.14             2.0
404.15            19.0
404.16             1.0
404.17             0.0
404.18             0.0
404.19            11.0
404.21            17.0
404.22             6.0
404.23            11.0
404.24            15.0
404.25            13.0
404.26             8.0
404.27            23.0
404.29            20.0
404.30             8.0
404.31             0.0
404.32             0.0
404.33             0.0
404.34            13.0
404.36            34.0
404.37            37.0
404.38            24.0
404.39            15.0
404.40            33.0
404.41            18.0
404.42             3.0
404.44            10.0
404.45            21.0
404.46            26.0
404.47            34.0
404.48            28.0
404.49            10.0
404.50            10.0
404.52            15.0
404.53             9.0
404.54             7.0
404.55            21.0
404.56            22.0
404.57            17.0
404.58             0.0
404.60             0.0
404.61             0.0
404.62             0.0
404.63             4.0
404.64             4.0
404.65             0.0
404.67             0.0
404.68            31.0
404.69            48.0
404.70            31.0
404.71            15.0
404.72            26.0
404.73            37.0
404.75            20.0
404.76            14.0
404.77            13.0
404.78             3.0
404.79             1.0
404.80             0.0
404.81             0.0
404.83             0.0
404.84             0.0
404.85             2.0
404.86             3.0
404.87             3.0
404.88             0.0
404.89            32.0
404.91            42.0
404.92            32.0
404.93             8.0
404.94             3.0
404.95             0.0
404.96             0.0
404.98             1.0
404.99            17.0
405.00            18.0
405.01            10.0
405.02             8.0
405.03             5.0
405.04            16.0
405.06            15.0
405.07             9.0
405.08             0.0
405.09             0.0
405.10             0.0
405.11             0.0
405.12             0.0
405.14             0.0
405.15             0.0
405.16             0.0
405.17             4.0
405.18            21.0
405.19            48.0
405.20            43.0
405.22             4.0
405.23             0.0
405.24             0.0
405.25            17.0
405.26            37.0
405.27            50.0
405.29            58.0
405.30            50.0
405.31            36.0
405.32             4.0
405.33             8.0
405.34            12.0
405.35            11.0
405.37             6.0
405.38             0.0
405.39             0.0
405.40             0.0
405.41            13.0
405.42            37.0
405.43            50.0
405.45            43.0
405.46            15.0
405.47             3.0
405.48             4.0
405.49             5.0
405.50             0.0
405.51             0.0
405.53             0.0
405.54             0.0
405.55             8.0
405.56             3.0
405.57             0.0
405.58             0.0
405.59             0.0
405.61             0.0
405.62             0.0
405.63            16.0
405.64            30.0
405.65            34.0
405.66            14.0
405.68            13.0
405.69             5.0
405.70             8.0
405.71            10.0
405.72            27.0
405.73            48.0
405.74            64.0
405.76            51.0
405.77            20.0
405.78             6.0
405.79            13.0
405.80            18.0
405.81            26.0
405.82            24.0
405.84             9.0
405.85             1.0
405.86            13.0
405.87            26.0
405.88            41.0
405.89            37.0
405.90            25.0
405.92             8.0
405.93             9.0
405.94            11.0
405.95            27.0
405.96            35.0
405.97            29.0
405.99            36.0
406.00            41.0
406.01            16.0
406.02             0.0
406.03             0.0
406.04             0.0
406.05             0.0
406.07             0.0
406.08            16.0
406.09             6.0
406.10             1.0
406.11             8.0
406.12            12.0
406.13            13.0
406.15             6.0
406.16             0.0
406.17             4.0
406.18            33.0
406.19            42.0
406.20            16.0
406.21             0.0
406.23             0.0
406.24            28.0
406.25            27.0
406.26            12.0
406.27             0.0
406.28             0.0
406.30             0.0
406.31            10.0
406.32             9.0
406.33             0.0
406.34             0.0
406.35             0.0
406.36             0.0
406.38            16.0
406.39            24.0
406.40            27.0
406.41            25.0
406.42            37.0
406.43            56.0
406.44            41.0
406.46            13.0
406.47             7.0
406.48             5.0
406.49             0.0
406.50             0.0
406.51             6.0
406.52            19.0
406.54            28.0
406.55            41.0
406.56            55.0
406.57            45.0
406.58            15.0
406.59             4.0
406.61            15.0
406.62            35.0
406.63            30.0
406.64             7.0
406.65             0.0
406.66             0.0
406.67            19.0
406.69            28.0
406.70            33.0
406.71            22.0
406.72            21.0
406.73            11.0
406.74             0.0
406.75             4.0
406.77            15.0
406.78             0.0
406.79             0.0
406.80             0.0
406.81             0.0
406.82             0.0
406.83             0.0
406.85            10.0
406.86            18.0
406.87            20.0
406.88            26.0
406.89            11.0
406.90            11.0
406.91             0.0
406.93             0.0
406.94             0.0
406.95             0.0
406.96             0.0
406.97            18.0
406.98            22.0
407.00             6.0
407.01             0.0
407.02             0.0
407.03             0.0
407.04             0.0
407.05             0.0
407.06            13.0
407.08            28.0
407.09            37.0
407.10            40.0
407.11            22.0
407.12            19.0
407.13             9.0
407.14             0.0
407.16             0.0
407.17            20.0
407.18            24.0
407.19            19.0
407.20            24.0
407.21            41.0
407.22            30.0
407.24             7.0
407.25             0.0
407.26             0.0
407.27            23.0
407.28            48.0
407.29            27.0
407.31             0.0
407.32             4.0
407.33            21.0
407.34            25.0
407.35             9.0
407.36             0.0
407.37             0.0
407.39             0.0
407.40             2.0
407.41             9.0
407.42            13.0
407.43            19.0
407.44            19.0
407.45             0.0
407.47             0.0
407.48             0.0
407.49             0.0
407.50             0.0
407.51             3.0
407.52             5.0
407.53             0.0
407.55             0.0
407.56             0.0
407.57             5.0
407.58            24.0
407.59            29.0
407.60            28.0
407.62            10.0
407.63             0.0
407.64             0.0
407.65             0.0
407.66             8.0
407.67            26.0
407.68            47.0
407.70            37.0
407.71            28.0
407.72            36.0
407.73            48.0
407.74            30.0
407.75             8.0
407.76            25.0
407.78            41.0
407.79            35.0
407.80            10.0
407.81             0.0
407.82             0.0
407.83             9.0
407.84            34.0
407.86            35.0
407.87             1.0
407.88             0.0
407.89             0.0
407.90            36.0
407.91            33.0
407.92            19.0
407.94            11.0
407.95            15.0
407.96            10.0
407.97             0.0
407.98             0.0
407.99             3.0
408.01            26.0
408.02            16.0
408.03             4.0
408.04             0.0
408.05            18.0
408.06            10.0
408.07             0.0
408.09             0.0
408.10             6.0
408.11            31.0
408.12            22.0
408.13            12.0
408.14             4.0
408.15             8.0
408.17            10.0
408.18             0.0
408.19             0.0
408.20             0.0
408.21            24.0
408.22            38.0
408.23            38.0
408.25             7.0
408.26             0.0
408.27             0.0
408.28             0.0
408.29             0.0
408.30            30.0
408.32            41.0
408.33            17.0
408.34             0.0
408.35             2.0
408.36             2.0
408.37             0.0
408.38             0.0
408.40             4.0
408.41            29.0
408.42            37.0
408.43            32.0
408.44            12.0
408.45             0.0
408.46             4.0
408.48            13.0
408.49            12.0
408.50             2.0
408.51             0.0
408.52             0.0
408.53             0.0
408.54             0.0
408.56            22.0
408.57            29.0
408.58            16.0
408.59             0.0
408.60             4.0
408.61             7.0
408.63            14.0
408.64             8.0
408.65             8.0
408.66             9.0
408.67            15.0
408.68            14.0
408.69            22.0
408.71            34.0
408.72            40.0
408.73            46.0
408.74            36.0
408.75             8.0
408.76             0.0
408.77             0.0
408.79             0.0
408.80             0.0
408.81            14.0
408.82            33.0
408.83            17.0
408.84             0.0
408.85             0.0
408.87             0.0
408.88             8.0
408.89             0.0
408.90             2.0
408.91            25.0
408.92            22.0
408.94             0.0
408.95             0.0
408.96            29.0
408.97            28.0
408.98            25.0
408.99            15.0
409.00            13.0
409.02             0.0
409.03             0.0
409.04            10.0
409.05            16.0
409.06             5.0
409.07            11.0
409.08            27.0
409.10            20.0
409.11             0.0
409.12             0.0
409.13             0.0
409.14             1.0
409.15            29.0
409.16            37.0
409.18            26.0
409.19            22.0
409.20             0.0
409.21             0.0
409.22             0.0
409.23             0.0
409.24             0.0
409.26             4.0
409.27            28.0
409.28            33.0
409.29            18.0
409.30             7.0
409.31            15.0
409.33            25.0
409.34            34.0
409.35            58.0
409.36            82.0
409.37            63.0
409.38            10.0
409.39             0.0
409.41             0.0
409.42            18.0
409.43            32.0
409.44            42.0
409.45            35.0
409.46            23.0
409.47             0.0
409.49             0.0
409.50             0.0
409.51             0.0
409.52             0.0
409.53            12.0
409.54            27.0
409.55            30.0
409.57            45.0
409.58            41.0
409.59             6.0
409.60             0.0
409.61             0.0
409.62             0.0
409.64             0.0
409.65             0.0
409.66            10.0
409.67             9.0
409.68             0.0
409.69             6.0
409.70            22.0
409.72            30.0
409.73            10.0
409.74             0.0
409.75             0.0
409.76            19.0
409.77            44.0
409.78            57.0
409.80            54.0
409.81            31.0
409.82             9.0
409.83            20.0
409.84            33.0
409.85            45.0
409.86            43.0
409.88            39.0
409.89            24.0
409.90            13.0
409.91            29.0
409.92            48.0
409.93            41.0
409.95             0.0
409.96             0.0
409.97            17.0
409.98            27.0
409.99             9.0
410.00            15.0
410.01            37.0
410.03            37.0
410.04             8.0
410.05             0.0
410.06             0.0
410.07             0.0
410.08            31.0
410.09            46.0
410.11            24.0
410.12             0.0
410.13             0.0
410.14             4.0
410.15             2.0
410.16             0.0
410.17             0.0
410.19             0.0
410.20             0.0
410.21            16.0
410.22            41.0
410.23            43.0
410.24            39.0
410.26            13.0
410.27             0.0
410.28             0.0
410.29             0.0
410.30             0.0
410.31            14.0
410.32            51.0
410.34            48.0
410.35            23.0
410.36             0.0
410.37             0.0
410.38            22.0
410.39            37.0
410.40            34.0
410.42            19.0
410.43             3.0
410.44             0.0
410.45             0.0
410.46             2.0
410.47            10.0
410.48            13.0
410.50            20.0
410.51            27.0
410.52            30.0
410.53             6.0
410.54             0.0
410.55             0.0
410.56            10.0
410.58            48.0
410.59            55.0
410.60            28.0
410.61             0.0
410.62             0.0
410.63            24.0
410.65            33.0
410.66             0.0
410.67             0.0
410.68            16.0
410.69            64.0
410.70            60.0
410.71            12.0
410.73             0.0
410.74             0.0
410.75             1.0
410.76             0.0
410.77            14.0
410.78            19.0
410.79            17.0
410.81             0.0
410.82             8.0
410.83            10.0
410.84            19.0
410.85            24.0
410.86            32.0
410.87            19.0
410.89             2.0
410.90             0.0
410.91            10.0
410.92            28.0
410.93            31.0
410.94            17.0
410.96            19.0
410.97            34.0
410.98            59.0
410.99            56.0
411.00            55.0
411.01            47.0
411.02            53.0
411.04            37.0
411.05            37.0
411.06            30.0
411.07            33.0
411.08            35.0
411.09            33.0
411.10            22.0
411.12            10.0
411.13            15.0
411.14            12.0
411.15             0.0
411.16             0.0
411.17             7.0
411.18            20.0
411.20            15.0
411.21             7.0
411.22             3.0
411.23             3.0
411.24             6.0
411.25            19.0
411.27            19.0
411.28            15.0
411.29            20.0
411.30            24.0
411.31            21.0
411.32            38.0
411.33            60.0
411.35            38.0
411.36             0.0
411.37             0.0
411.38             0.0
411.39            18.0
411.40            21.0
411.41             9.0
411.43             0.0
411.44             3.0
411.45            33.0
411.46            43.0
411.47            18.0
411.48             0.0
411.49             9.0
411.51            40.0
411.52            54.0
411.53            39.0
411.54            23.0
411.55             3.0
411.56             0.0
411.57            26.0
411.59            47.0
411.60            25.0
411.61             1.0
411.62            22.0
411.63            52.0
411.64            32.0
411.66            17.0
411.67             3.0
411.68             3.0
411.69             0.0
411.70             0.0
411.71             0.0
411.72             0.0
411.74            12.0
411.75            13.0
411.76            14.0
411.77             8.0
411.78             0.0
411.79            12.0
411.80            62.0
411.82            82.0
411.83            45.0
411.84             7.0
411.85             0.0
411.86             0.0
411.87             0.0
411.88            12.0
411.90            29.0
411.91            31.0
411.92            18.0
411.93            32.0
411.94            42.0
411.95            49.0
411.97            27.0
411.98            20.0
411.99            43.0
412.00            70.0
412.01            65.0
412.02            88.0
412.03           238.0
412.05           591.0
412.06           1075.0
412.07           1506.0
412.08           1749.0
412.09           1736.0
412.10           1386.0
412.11           821.0
412.13           348.0
412.14           130.0
412.15            51.0
412.16            28.0
412.17             6.0
412.18             0.0
412.19             0.0
412.21             0.0
412.22             0.0
412.23            28.0
412.24            22.0
412.25             1.0
412.26             0.0
412.28             0.0
412.29             0.0
412.30             9.0
412.31            10.0
412.32            26.0
412.33            43.0
412.34            48.0
412.36            38.0
412.37            20.0
412.38             9.0
412.39             6.0
412.40             0.0
412.41             0.0
412.42             0.0
412.44            25.0
412.45            61.0
412.46            70.0
412.47            61.0
412.48            29.0
412.49             0.0
412.50             0.0
412.52            27.0
412.53            41.0
412.54            31.0
412.55            32.0
412.56            51.0
412.57            53.0
412.59            55.0
412.60            48.0
412.61            42.0
412.62            26.0
412.63            25.0
412.64            25.0
412.65            42.0
412.67            58.0
412.68            44.0
412.69            18.0
412.70             3.0
412.71            19.0
412.72            28.0
412.73            32.0
412.75            31.0
412.76            20.0
412.77             5.0
412.78             0.0
412.79             0.0
412.80             3.0
412.81             8.0
412.83             8.0
412.84             9.0
412.85            18.0
412.86            13.0
412.87             0.0
412.88             0.0
412.89             8.0
412.91            18.0
412.92            16.0
412.93            11.0
412.94            17.0
412.95            22.0
412.96            13.0
412.98             0.0
412.99             0.0
413.00             3.0
413.01             5.0
413.02             7.0
413.03            13.0
413.04             9.0
413.06            17.0
413.07            52.0
413.08            59.0
413.09            36.0
413.10             7.0
413.11             0.0
413.12             0.0
413.14            21.0
413.15            26.0
413.16             3.0
413.17             0.0
413.18            11.0
413.19            26.0
413.20            24.0
413.22             3.0
413.23             0.0
413.24             0.0
413.25             0.0
413.26            11.0
413.27             9.0
413.29             0.0
413.30             0.0
413.31             8.0
413.32            27.0
413.33            29.0
413.34            10.0
413.35             4.0
413.37            17.0
413.38            39.0
413.39            33.0
413.40            28.0
413.41            13.0
413.42             4.0
413.43             4.0
413.45             2.0
413.46             0.0
413.47             0.0
413.48             4.0
413.49            39.0
413.50            40.0
413.51            28.0
413.53            32.0
413.54            29.0
413.55            25.0
413.56            32.0
413.57            37.0
413.58            29.0
413.60            13.0
413.61             2.0
413.62             0.0
413.63             3.0
413.64             8.0
413.65             5.0
413.66             1.0
413.68             1.0
413.69             4.0
413.70            10.0
413.71            25.0
413.72            38.0
413.73            31.0
413.74             7.0
413.76             0.0
413.77             0.0
413.78             0.0
413.79             0.0
413.80             0.0
413.81             0.0
413.82             0.0
413.84             0.0
413.85             0.0
413.86             0.0
413.87             0.0
413.88             3.0
413.89            15.0
413.90             8.0
413.92             0.0
413.93            10.0
413.94            21.0
413.95            10.0
413.96             1.0
413.97             4.0
413.99             0.0
414.00             0.0
414.01             0.0
414.02             0.0
414.03             7.0
414.04            15.0
414.05            23.0
414.07            53.0
414.08            61.0
414.09            60.0
414.10            49.0
414.11            40.0
414.12            20.0
414.13            16.0
414.15            18.0
414.16            16.0
414.17             0.0
414.18             0.0
414.19             0.0
414.20             0.0
414.21             2.0
414.23            27.0
414.24            35.0
414.25            29.0
414.26            26.0
414.27            17.0
414.28             9.0
414.30            36.0
414.31            67.0
414.32            82.0
414.33            63.0
414.34            52.0
414.35            76.0
414.36           176.0
414.38           320.0
414.39           480.0
414.40           644.0
414.41           719.0
414.42           591.0
414.43           314.0
414.44            84.0
414.46             0.0
414.47             5.0
414.48            24.0
414.49            33.0
414.50            38.0
414.51            36.0
414.52            28.0
414.54            17.0
414.55            12.0
414.56            16.0
414.57            17.0
414.58             0.0
414.59             0.0
414.61             0.0
414.62             8.0
414.63            13.0
414.64            29.0
414.65            30.0
414.66             0.0
414.67             0.0
414.69             1.0
414.70            16.0
414.71            12.0
414.72            17.0
414.73            16.0
414.74            28.0
414.75            36.0
414.77            36.0
414.78            24.0
414.79            23.0
414.80            22.0
414.81            13.0
414.82            17.0
414.83            13.0
414.85             7.0
414.86             4.0
414.87             7.0
414.88             8.0
414.89             9.0
414.90            26.0
414.92            33.0
414.93            31.0
414.94             2.0
414.95             0.0
414.96            19.0
414.97            31.0
414.98            29.0
415.00            32.0
415.01            33.0
415.02            11.0
415.03             2.0
415.04             0.0
415.05             0.0
415.06             0.0
415.08             0.0
415.09             0.0
415.10            19.0
415.11            31.0
415.12            26.0
415.13             4.0
415.14             0.0
415.16             0.0
415.17             0.0
415.18             0.0
415.19            19.0
415.20            15.0
415.21             0.0
415.22             1.0
415.24            22.0
415.25            58.0
415.26            57.0
415.27            17.0
415.28             0.0
415.29             0.0
415.31            12.0
415.32            23.0
415.33            32.0
415.34            20.0
415.35             3.0
415.36             0.0
415.37             0.0
415.39             0.0
415.40            15.0
415.41            49.0
415.42            41.0
415.43            13.0
415.44             0.0
415.45             0.0
415.47             0.0
415.48             0.0
415.49            28.0
415.50            33.0
415.51            45.0
415.52            44.0
415.53            44.0
415.55            21.0
415.56             6.0
415.57             0.0
415.58             0.0
415.59             0.0
415.60             0.0
415.62             0.0
415.63             0.0
415.64             0.0
415.65            10.0
415.66            12.0
415.67             9.0
415.68             5.0
415.70             4.0
415.71             2.0
415.72            33.0
415.73            34.0
415.74             8.0
415.75             0.0
415.76            34.0
415.78            61.0
415.79            53.0
415.80            23.0
415.81             4.0
415.82             0.0
415.83             0.0
415.84             0.0
415.86             6.0
415.87             1.0
415.88             0.0
415.89            14.0
415.90            24.0
415.91            36.0
415.93            37.0
415.94            52.0
415.95            40.0
415.96            62.0
415.97            63.0
415.98            61.0
415.99            47.0
416.01            33.0
416.02             3.0
416.03             0.0
416.04            17.0
416.05            31.0
416.06            37.0
416.07            42.0
416.09            23.0
416.10             6.0
416.11            11.0
416.12             9.0
416.13             0.0
416.14             0.0
416.15             0.0
416.17             0.0
416.18             0.0
416.19             0.0
416.20            11.0
416.21            29.0
416.22            30.0
416.24            26.0
416.25            11.0
416.26             2.0
416.27            14.0
416.28            37.0
416.29            59.0
416.30            55.0
416.32            21.0
416.33             0.0
416.34             2.0
416.35            19.0
416.36            22.0
416.37            39.0
416.38            47.0
416.40            20.0
416.41             0.0
416.42             0.0
416.43             0.0
416.44             0.0
416.45             0.0
416.46            21.0
416.48            26.0
416.49            15.0
416.50            14.0
416.51            29.0
416.52            42.0
416.53            42.0
416.54            14.0
416.56             0.0
416.57             7.0
416.58            22.0
416.59            25.0
416.60            22.0
416.61            21.0
416.63            20.0
416.64            23.0
416.65            26.0
416.66            22.0
416.67            20.0
416.68            12.0
416.69             0.0
416.71           2208.0
416.72           2208.0
